13,10,78,82,19,19,81,83,26,28,82,83,34,37,81,78,40,38,79,26,45,38,78,0,50,38,79,-26,56,37,80,-45,62,36,81,-26,69,36,80,0,74,36,75,26,77,37,68,63,79,40,56,71,80,43,26,74,80,47,0,75,80,51,-56,74,77,54,-71,68,74,56,-71,56,71,57,-63,45,70,58,26,0,72,57,63,-56,74,55,63,-63,76,53,63,-68,78,50,68,-68,81,48,71,-63,84,46,74,-68,88,43,71,-68,90,41,63,-63,92,39,56,-56,93,38,26,-26,93,38,0,0,93,38,-45,0,91,38,-63,0,89,38,-68,0,86,38,-71,0,83,38,-74,0,79,38,-71,0,77,38,-56,45,76,40,0,71,77,44,56,77,79,49,68,79,82,55,56,78,82,59,-26,74,81,62,-45,68,80,64,-56,56,78,65,-45,45,78,66,26,26,79,66,26,-26,79,65,45,-45,81,64,56,-45,82,63,45,-45,83,62,26,-26,83,62,26,0,84,62,26,0,84,62,0,0,84,62,0,0,84,62,0,0,84,62,0,0,84,62,0,0,84,62,-26,-26,83,61,-63,-45,80,60,-74,-56,76,58,-77,-63,71,56,-77,-63,67,54,-74,-63,64,52,-71,-56,61,51,-68,-56,59,49,-63,-56,57,48,-63,-56,55,46,-63,-68,53,43,-63,-68,51,41,-68,-63,48,39,-74,-56,44,38,-77,-45,39,37,-80,-78,32,28,-81,-83,25,19,-80,-83,20,10,-75,-82,0,0,0,0

9,3,63,78,12,13,74,84,16,25,77,85,21,38,79,85,27,52,79,83,32,55,77,68,36,57,75,63,40,59,75,56,44,60,71,45,46,61,63,45,48,62,56,26,49,62,45,0,50,62,45,-26,51,61,-26,-45,49,60,-71,-45,45,59,-75,-45,41,58,-77,-45,36,57,-71,-45,35,56,-26,-45,35,55,56,-45,38,54,74,-26,42,54,77,0,47,54,81,26,56,55,83,45,65,56,83,45,75,57,83,45,84,58,81,26,89,58,75,0,92,58,56,0,92,58,-68,0,87,58,-81,0,79,58,-82,-26,72,57,-81,-56,65,55,-78,-68,62,52,-56,-71,62,49,-56,-68,59,47,-68,-56,57,46,-56,-26,56,46,-26,0,56,46,56,0,59,46,45,0,58,46,-68,26,54,47,-77,56,49,49,-78,63,44,51,-71,63,43,53,-26,56,43,54,0,26,43,54,0,0,43,54,-45,0,41,54,-63,0,39,54,-71,26,35,55,-74,45,32,56,-68,26,30,56,-56,0,29,56,0,-45,30,54,26,-68,30,51,26,-68,31,49,26,-68,31,46,0,-71,31,43,-26,-71,30,40,-45,-71,29,37,-56,-68,27,35,-74,-79,22,26,-78,-83,17,18,-78,-82,12,10,-75,-82,0,0,0,0

32,49,79,81,37,51,74,56,39,52,63,45,41,53,63,26,43,53,71,-26,47,52,75,-45,51,51,75,-56,55,49,75,-56,59,48,71,-45,61,47,56,-45,62,46,45,-26,63,46,26,0,63,46,0,0,63,46,-26,0,62,46,-26,0,62,46,-26,0,61,46,-45,-26,60,45,-45,-45,59,44,-26,-45,59,43,-26,-45,58,42,-26,0,58,43,26,45,59,44,63,45,62,45,68,45,64,46,63,26,66,46,56,0,67,46,26,0,67,46,-45,0,65,46,-56,0,64,46,-45,0,63,46,-45,0,62,46,-56,0,60,46,-56,0,59,46,-26,0,59,46,45,0,61,46,77,0,68,46,81,-26,75,45,82,-45,83,44,81,-56,89,42,77,-63,92,40,68,-56,94,39,45,-26,94,39,0,26,94,40,-26,45,93,41,-45,45,92,42,-56,26,90,42,-63,0,88,42,-56,0,87,42,-45,0,86,42,-56,0,84,42,-63,0,82,42,-63,0,80,42,-63,0,78,42,-68,0,75,42,-71,0,72,42,-68,0,70,42,-68,0,67,42,-68,0,65,42,-63,0,63,42,-63,0,61,42,-56,0,60,42,-26,0,60,42,0,0,60,42,26,0,61,42,0,-26,60,41,-45,-45,59,40,-45,-56,58,38,-45,-63,57,36,-45,-63,56,34,-68,-63,52,32,-77,-45,47,32,-81,0,38,32,-83,-74,28,25,-83,-81,20,18,-81,-82,14,10,-77,-82,0,0,0,0

30,37,78,74,35,36,77,-45,39,35,68,-45,40,34,26,-26,40,34,-26,26,39,35,0,56,40,37,71,68,45,40,80,74,52,44,82,74,61,47,83,63,70,48,82,26,77,48,81,-26,84,47,80,-45,89,46,75,-26,92,46,68,0,94,46,45,-26,94,45,26,-56,95,43,26,-63,95,41,0,-63,95,39,0,-56,95,38,-26,-45,94,37,-45,-45,93,36,-26,-45,93,35,0,-45,93,34,0,-26,93,34,-26,0,92,34,-45,26,91,35,-63,45,88,36,-74,45,84,37,-75,45,80,38,-79,26,73,38,-81,0,66,38,-80,45,61,40,-77,68,57,43,-56,71,58,46,74,71,64,49,80,63,70,50,80,0,76,49,77,-45,79,48,63,-45,80,47,26,-45,80,46,-26,-26,79,46,-63,0,76,46,-71,0,73,46,-71,0,70,46,-71,0,67,46,-63,0,66,46,-26,0,66,46,-26,26,65,47,-26,45,65,48,-45,45,63,49,-63,45,61,50,-56,26,60,50,-45,-26,59,49,-26,-56,59,47,0,-63,59,45,26,-63,60,43,26,-56,60,42,26,-26,61,42,0,0,60,42,-63,0,57,42,-74,0,53,42,-79,0,46,42,-82,0,38,42,-82,-78,30,32,-81,-84,24,22,-78,-84,20,12,-63,-83,20,3,0,-77,0,0,0,0

48,59,75,63,52,61,75,56,56,62,74,26,59,62,74,0,63,62,74,0,66,62,74,0,70,62,75,-45,74,60,77,-63,79,58,79,-68,85,55,78,-71,89,52,71,-63,91,51,-26,-45,88,50,-74,-26,84,50,-77,0,79,50,-75,-26,76,49,-63,-45,75,48,-26,-45,75,47,26,-45,76,46,45,-45,77,45,56,-45,79,44,63,-45,81,43,63,-45,83,42,45,-26,83,42,-26,0,0,0,0,0,0,0,0,0,0,0,0,0,0,0,0,0,0,0,0,0,0,0,0,0,0,0,0,0,0,0,0,0,0,0,0,0,0,0,0,0,0,0,0,0,0,0,0,0,0,0,0,0,0,0,0,0,0,0,0,0,0,0,0,0,0,0,0,0,0,0,0,0,0,0,0,0,0,0,0,0,0,0,0,0,0,0,0,0,0,0,0,0,0,0,0,0,0,0,0,0,0,0,0,0,0,0,0,0,0,0,0,0,0,0,0,0

24,26,74,82,27,34,74,75,31,34,75,26,35,35,77,56,40,37,80,68,47,40,81,74,53,44,80,75,59,48,77,74,62,51,63,68,63,53,45,56,64,54,26,26,64,54,26,-26,65,53,45,-45,66,52,56,-45,68,51,63,-56,70,49,56,-56,71,48,56,-56,73,46,68,-63,76,44,74,-56,80,43,74,-56,83,41,68,-56,85,40,68,-45,88,39,68,-56,90,37,56,-56,91,36,45,-45,92,35,26,-45,92,34,0,-26,92,34,-26,0,91,34,-56,0,89,34,-68,0,86,34,-74,26,82,35,-77,45,77,36,-79,56,71,38,-79,68,66,41,-74,71,64,44,26,71,67,47,75,68,72,49,80,45,79,49,79,-26,83,48,74,-45,86,47,56,-56,86,45,-45,-56,84,44,-68,-45,81,43,-75,-45,76,42,-78,-26,71,42,-79,26,65,43,-80,45,59,44,-79,45,54,45,-77,26,50,45,-71,-26,48,44,-56,-45,47,43,-45,-56,46,41,-45,-56,45,40,-26,-45,45,39,26,-45,46,38,26,-26,46,38,26,26,47,39,26,45,47,40,26,26,48,40,45,0,49,40,26,-45,49,38,-26,-63,48,36,-71,-45,43,36,-79,0,37,36,-81,-75,30,28,-81,-82,24,20,-78,-83,20,11,-71,-83,18,3,-56,-75,0,0,0,0

10,3,71,75,14,11,80,83,22,20,83,83,33,29,84,83,44,38,84,77,54,38,83,0,62,38,81,0,67,38,75,0,70,38,63,0,71,38,45,0,72,38,45,45,73,40,56,63,75,42,74,63,80,44,77,56,84,45,75,0,88,44,68,-45,89,43,-45,-45,86,42,-74,-45,82,41,-75,-45,78,40,-71,-26,76,40,-63,0,74,40,-63,26,72,41,-71,45,68,42,-75,26,64,42,-77,0,59,42,-75,0,56,42,-68,0,54,42,-56,0,53,42,-56,0,51,42,-63,0,49,42,-63,0,47,42,-68,0,44,42,-68,-26,42,41,-45,-45,42,40,0,-26,42,40,0,0,42,40,0,26,42,41,0,26,42,41,26,-26,43,40,45,-45,44,39,45,-45,45,38,26,-26,45,38,0,0,45,38,-26,0,44,38,-26,0,44,38,-26,0,43,38,-26,0,43,38,0,0,43,38,0,0,43,38,0,0,43,38,0,0,43,38,0,0,43,38,26,26,44,39,26,45,44,40,-26,45,43,41,-56,45,41,42,-63,26,39,42,-68,-26,36,41,-71,-45,33,40,-68,-45,31,39,-63,-45,29,38,-56,-45,28,37,-26,-45,28,36,-26,-56,27,34,-45,-79,26,25,-68,-83,22,17,-75,-82,18,9,-77,-81,0,0,0,0

9,3,45,0,10,3,68,77,14,12,78,84,20,23,81,84,27,34,81,85,33,46,78,82,37,49,74,68,40,51,68,63,42,53,71,56,46,54,77,26,51,54,78,0,56,54,77,0,60,54,74,0,63,54,68,0,65,54,56,-26,66,53,26,-45,66,52,26,-56,67,50,45,-63,68,48,56,-63,70,46,71,-63,74,44,75,-56,78,43,75,-56,82,41,75,-56,86,40,71,-45,88,39,63,-45,90,38,56,-26,91,38,45,0,92,38,56,-26,94,37,56,-45,95,36,26,-45,95,35,-26,-45,94,34,-56,-26,92,34,-68,0,89,34,-68,0,87,34,-63,0,85,34,-63,0,83,34,-71,0,79,34,-79,26,72,35,-82,56,64,37,-82,68,57,40,-77,74,55,44,45,74,59,47,79,63,66,48,81,26,73,48,79,-26,77,47,74,-45,80,46,63,-45,81,45,45,-45,82,44,26,-45,82,43,-26,-45,81,42,-45,-26,80,42,-63,0,77,42,-71,0,74,42,-71,0,71,42,-68,0,69,42,-56,0,68,42,-45,0,67,42,-26,0,67,42,-26,0,66,42,-45,0,65,42,-45,0,64,42,-45,0,63,42,-26,0,63,42,0,-26,63,41,26,-45,64,40,45,-45,65,39,45,-45,66,38,26,-45,66,37,-45,-45,64,36,-77,-26,57,36,-82,0,48,36,-83,-75,38,28,-83,-82,30,20,-81,-83,25,11,-74,-83,23,3,-56,-75

22,26,83,85,33,39,84,85,44,52,83,82,52,54,81,26,58,53,78,-45,62,52,74,-56,65,50,71,-71,68,46,74,-74,72,43,75,-71,76,40,71,-68,78,38,63,-45,80,38,0,0,78,38,-56,26,77,39,-56,45,75,40,-26,45,76,41,63,45,79,42,74,26,83,42,75,0,87,42,68,0,88,42,0,0,87,42,-56,0,85,42,-63,0,83,42,-63,0,81,42,-56,0,80,42,-45,0,79,42,-26,0,79,42,-26,0,78,42,-45,0,77,42,-45,0,76,42,-56,0,74,42,-56,0,73,42,-45,0,72,42,-26,0,72,42,0,0,72,42,0,0,72,42,0,0,72,42,0,0,72,42,-26,0,71,42,-45,0,70,42,-63,0,67,42,-68,0,65,42,-63,0,63,42,-45,0,63,42,45,0,65,42,56,0,66,42,45,0,67,42,26,0,67,42,-26,0,66,42,-56,0,64,42,-56,0,63,42,-56,0,61,42,-63,0,59,42,-63,-26,57,41,-63,-45,55,40,-56,-45,54,39,-45,-45,53,38,-45,-26,52,38,-26,0,52,38,26,0,53,38,45,0,54,38,45,0,55,38,26,0,55,38,26,0,56,38,26,0,56,38,0,26,56,39,26,45,57,40,45,45,58,41,0,26,57,41,-56,-26,55,40,-63,-45,53,39,-71,-45,49,38,-71,-26,47,38,-63,0,45,38,-63,0,43,38,-68,-26,40,37,-75,-45,35,36,-79,-78,29,27,-80,-83,23,18,-80,-83,17,10,-79,-82,0,0,0,0

16,3,74,71,20,9,78,81,26,17,80,82,32,25,79,83,37,34,75,80,40,37,74,71,44,40,78,74,50,44,80,74,56,47,79,68,61,49,77,56,65,50,68,26,66,50,45,-26,67,49,56,-45,69,48,68,-45,72,47,75,-56,77,45,77,-56,81,44,71,-45,83,43,56,-45,84,42,45,-26,85,42,26,-26,85,41,45,-45,87,40,63,-45,89,39,63,-56,91,37,56,-56,92,36,0,-45,91,35,-45,-45,90,34,-26,-26,90,34,-26,0,89,34,-56,0,87,34,-63,0,85,34,-63,0,83,34,-56,0,82,34,-45,0,81,34,-56,0,79,34,-74,0,74,34,-79,45,68,36,-78,68,64,39,-68,71,63,42,0,71,64,45,56,63,66,46,68,26,69,46,63,0,70,46,26,-26,70,45,0,-45,70,44,-26,-45,69,43,-26,-26,69,43,0,26,69,44,-26,26,68,44,-45,0,67,44,-45,-26,66,43,-26,-45,66,42,0,-26,66,42,0,0,66,42,0,0,66,42,-26,0,65,42,-45,0,64,42,-56,-26,62,41,-63,-45,60,40,-56,-45,59,39,-56,-45,57,38,-63,-26,55,38,-63,0,53,38,-56,0,52,38,-45,0,51,38,-56,0,49,38,-71,0,45,38,-79,-77,38,29,-81,-83,31,20,-80,-83,26,11,-75,-83,23,3,-71,-75

47,60,80,63,52,62,74,26,54,61,56,-56,55,59,45,-68,56,56,45,-71,57,53,68,-71,61,50,80,-68,69,48,83,-56,78,47,83,-45,87,46,81,-26,91,46,63,-26,91,45,-63,-45,87,44,-74,-45,84,43,-68,-45,82,42,-56,-26,81,42,-45,0,80,42,-45,-26,79,41,-45,-45,78,40,-45,-26,77,40,-56,0,75,40,-56,26,74,41,-63,45,71,42,-74,26,67,42,-71,0,0,0,0,0,0,0,0,0,0,0,0,0,0,0,0,0,0,0,0,0,0,0,0,0,0,0,0,0,0,0,0,0,0,0,0,0,0,0,0,0,0,0,0,0,0,0,0,0,0,0,0,0,0,0,0,0,0,0,0,0,0,0,0,0,0,0,0,0,0,0,0,0,0,0,0,0,0,0,0,0,0,0,0,0,0,0,0,0,0,0,0,0,0,0,0,0,0,0,0,0,0,0,0,0,0,0,0,0,0,0,0,0,0,0,0,0

23,31,78,83,28,40,77,77,32,40,75,-26,36,39,71,-56,38,37,63,-56,40,36,45,-45,40,35,26,-45,41,34,56,0,43,35,68,56,46,37,75,68,51,40,75,74,54,44,71,74,57,47,56,68,57,49,0,56,57,50,0,26,57,50,26,0,58,50,45,-26,59,49,63,-45,62,48,71,-45,65,47,74,-45,69,46,74,-26,72,46,68,-26,74,45,56,-56,75,43,45,-63,76,41,56,-63,78,39,63,-63,80,37,68,-56,83,36,71,-45,86,35,68,-45,88,34,56,-26,89,34,26,0,89,34,-26,0,88,34,-56,0,86,34,-63,0,84,34,-68,0,81,34,-75,0,76,34,-81,0,67,34,-84,0,56,34,-84,63,46,38,-83,77,39,43,-71,78,40,48,77,77,48,52,82,56,56,51,82,-56,63,49,79,-63,67,47,68,-63,68,45,45,-56,69,44,45,-45,70,43,0,-45,69,42,-56,-26,67,42,-68,0,64,42,-71,0,61,42,-71,0,58,42,-68,0,56,42,-63,0,54,42,-63,26,52,43,-63,45,50,44,-45,45,50,45,-26,45,49,46,-26,26,49,46,-26,0,48,46,-45,0,47,46,-45,-26,46,45,-26,-45,46,44,0,-45,46,43,-26,-56,45,41,-45,-63,44,39,-68,-63,40,37,-78,-63,34,35,-81,-79,27,26,-81,-83,21,18,-77,-82,18,10,-68,-82,0,0,0,0

14,12,74,84,17,23,75,85,22,35,77,85,26,47,77,81,31,48,79,0,37,47,80,-56,43,45,80,-63,49,43,79,-56,54,42,77,-45,58,41,71,-45,60,40,56,-45,61,39,26,-45,61,38,26,0,62,39,63,45,65,40,75,45,70,41,79,45,76,42,81,26,83,42,79,0,87,42,75,0,91,42,71,0,93,42,56,0,94,42,45,0,95,42,0,0,94,42,-45,0,93,42,-45,0,92,42,-56,0,90,42,-56,0,89,42,-45,0,88,42,-56,0,86,42,-68,0,83,42,-71,0,80,42,-71,0,77,42,-71,0,74,42,-63,0,73,42,-45,0,72,42,-45,0,71,42,-26,0,71,42,-45,0,69,42,-63,0,67,42,-63,0,65,42,-68,0,62,42,-71,0,59,42,-74,0,55,42,-77,0,50,42,-75,0,47,42,-68,0,45,42,-56,0,44,42,-56,0,42,42,-56,0,41,42,-56,-26,39,41,-45,-45,39,40,0,-45,39,39,45,-45,41,38,56,-26,42,38,56,0,44,38,45,0,44,38,26,0,45,38,0,0,44,38,-26,0,44,38,0,0,44,38,-26,0,43,38,-26,26,43,39,-26,45,42,40,-45,45,41,41,-45,45,40,42,-56,0,38,41,-63,-56,36,39,-56,-63,35,37,-56,-63,33,35,-63,-56,31,34,-68,-26,28,34,-74,-75,24,26,-77,-82,19,18,-78,-82,14,10,-77,-82,0,0,0,0
