[15, 10, 66, 20, 9, 45, 24, 9, 37, 28, 8, 28, 33, 8, 24, 36, 8, 22, 41, 8, 19, 43, 8, 18, 45, 8, 17, 47, 8, 17, 48, 8, 16, 49, 8, 16, 51, 8, 15, 53, 8, 15, 54, 8, 14, 55, 8, 14, 56, 8, 14, 58, 8, 13, 62, 8, 12, 65, 8, 12, 69, 9, 13, 72, 10, 13, 76, 10, 13, 79, 10, 12, 82, 10, 12, 85, 10, 11, 86, 10, 11, 86, 10, 11, 86, 10, 11, 84, 9, 10, 83, 9, 10, 82, 9, 10, 79, 9, 11, 77, 9, 11, 76, 9, 11, 76, 9, 11, 76, 9, 11, 76, 9, 11, 77, 9, 11, 77, 9, 11, 78, 10, 12, 79, 10, 12, 80, 10, 12, 79, 10, 12, 79, 10, 12, 78, 10, 12, 77, 10, 12, 77, 11, 14, 74, 12, 16, 71, 14, 19, 67, 16, 23, 63, 16, 25, 61, 16, 26, 59, 16, 27, 57, 16, 28, 56, 14, 25, 56, 12, 21, 57, 10, 17, 59, 8, 13, 62, 8, 12, 63, 8, 12, 64, 8, 12, 65, 8, 12, 65, 8, 12, 65, 8, 12, 64, 8, 12, 63, 8, 12, 62, 8, 12, 60, 8, 13, 57, 8, 14, 55, 8, 14, 51, 8, 15, 47, 8, 17, 42, 8, 19, 38, 8, 21, 33, 7, 21, 27, 7, 25, 23, 7, 30, 18, 7, 38, 15, 9, 60, 13, 10, 76, 12, 10, 83, 10, 10, 100, 10, 10, 100, 9, 10, 111, 9, 10, 111, 9, 10, 111, 8, 9, 112, 8, 7, 87, 8, 7, 87, 7, 7, 100, 7, 7, 100, 6, 6, 100, 6, 7, 116]

[2, 20, 1000, 3, 11, 366, 3, 13, 433, 3, 15, 500, 3, 17, 566, 3, 18, 600, 3, 18, 600, 4, 18, 450, 5, 16, 320, 7, 15, 214, 10, 14, 140, 13, 14, 107, 16, 14, 87, 20, 13, 65, 24, 13, 54, 29, 12, 41, 33, 12, 36, 38, 12, 31, 42, 11, 26, 46, 9, 19, 50, 8, 16, 53, 8, 15, 56, 8, 14, 57, 8, 14, 59, 8, 13, 60, 8, 13, 60, 8, 13, 61, 8, 13, 61, 8, 13, 62, 8, 12, 65, 10, 15, 69, 12, 17, 71, 14, 19, 75, 17, 22, 78, 20, 25, 81, 23, 28, 84, 25, 29, 86, 27, 31, 86, 28, 32, 86, 28, 32, 85, 30, 35, 85, 31, 36, 84, 32, 38, 84, 33, 39, 84, 33, 39, 84, 33, 39, 84, 33, 39, 84, 33, 39, 84, 31, 36, 85, 29, 34, 85, 27, 31, 85, 26, 30, 86, 26, 30, 86, 26, 30, 85, 27, 31, 85, 29, 34, 84, 31, 36, 84, 33, 39, 83, 35, 42, 82, 36, 43, 81, 38, 46, 81, 38, 46, 81, 37, 45, 83, 35, 42, 84, 33, 39, 84, 31, 36, 84, 29, 34, 81, 29, 35, 77, 28, 36, 74, 26, 35, 70, 24, 34, 65, 22, 33, 62, 20, 32, 60, 17, 28, 58, 15, 25, 60, 11, 18, 61, 8, 13, 63, 7, 11, 66, 7, 10, 69, 7, 10, 70, 7, 10, 71, 7, 9, 71, 7, 9, 71, 7, 9, 70, 8, 11, 67, 8, 11, 64, 8, 12, 61, 8, 13, 57, 8, 14, 54, 8, 14, 49, 8, 16, 44, 8, 18, 39, 8, 20, 33, 8, 24, 26, 9, 34, 22, 9, 40, 18, 9, 50, 15, 9, 60, 12, 9, 75, 11, 9, 81, 10, 8, 80, 11, 8, 72, 11, 8, 72, 10, 7, 70, 8, 7, 87, 7, 8, 114]

[29, 14, 48, 34, 8, 23, 38, 8, 21, 42, 8, 19, 46, 8, 17, 49, 8, 16, 52, 8, 15, 54, 7, 12, 56, 7, 12, 59, 7, 11, 61, 7, 11, 62, 7, 11, 65, 7, 10, 67, 7, 10, 69, 7, 10, 72, 7, 9, 73, 8, 10, 74, 8, 10, 74, 9, 12, 75, 11, 14, 75, 14, 18, 75, 16, 21, 75, 18, 24, 75, 20, 26, 74, 22, 29, 75, 23, 30, 75, 25, 33, 75, 25, 33, 76, 25, 32, 78, 25, 32, 78, 25, 32, 79, 25, 31, 80, 25, 31, 81, 25, 30, 81, 25, 30, 82, 26, 31, 83, 26, 31, 83, 26, 31, 82, 26, 31, 81, 25, 30, 81, 25, 30, 80, 25, 31, 78, 25, 32, 75, 25, 33, 71, 24, 33, 67, 22, 32, 63, 20, 31, 61, 18, 29, 58, 16, 27, 55, 14, 25, 53, 12, 22, 52, 10, 19, 53, 8, 15, 53, 8, 15, 53, 8, 15, 53, 8, 15, 53, 8, 15, 52, 8, 15, 51, 8, 15, 50, 8, 16, 49, 8, 16, 48, 8, 16, 46, 8, 17, 46, 7, 15, 45, 7, 15, 43, 7, 16, 42, 7, 16, 40, 7, 17, 38, 7, 18, 35, 7, 20, 31, 7, 22]

[31, 33, 106, 33, 22, 66, 34, 19, 55, 36, 16, 44, 39, 14, 35, 42, 11, 26, 47, 9, 19, 50, 8, 16, 55, 8, 14, 59, 8, 13, 63, 8, 12, 65, 8, 12, 68, 11, 16, 70, 15, 21, 71, 19, 26, 76, 23, 30, 79, 26, 32, 81, 31, 38, 84, 35, 41, 85, 39, 45, 86, 40, 46, 86, 40, 46, 87, 40, 45, 86, 41, 47, 85, 39, 45, 86, 37, 43, 87, 37, 42, 88, 37, 42, 88, 37, 42, 88, 37, 42, 88, 37, 42, 86, 37, 43, 85, 39, 45, 84, 41, 48, 82, 41, 50, 81, 41, 50, 80, 39, 48, 78, 37, 47, 78, 35, 44, 77, 33, 42, 77, 31, 40, 77, 29, 37, 76, 27, 35, 73, 27, 36, 70, 28, 40, 68, 29, 42, 64, 29, 45, 61, 27, 44, 57, 25, 43, 56, 22, 39, 55, 20, 36, 56, 17, 30, 56, 13, 23, 59, 10, 16, 61, 8, 13, 63, 8, 12, 65, 8, 12, 67, 8, 11, 68, 8, 11, 67, 8, 11, 66, 8, 12, 65, 8, 12]

[23, 9, 39, 27, 8, 29, 30, 8, 26, 32, 8, 25, 35, 8, 22, 37, 8, 21, 40, 8, 20, 42, 8, 19, 44, 8, 18, 46, 8, 17, 48, 8, 16, 50, 8, 16, 51, 8, 15, 52, 8, 15, 54, 8, 14, 56, 9, 16, 57, 10, 17, 59, 11, 18, 60, 12, 20, 61, 13, 21, 63, 13, 20, 66, 13, 19, 68, 12, 17, 70, 12, 17, 73, 11, 15, 76, 10, 13, 80, 9, 11, 83, 9, 10, 85, 9, 10, 87, 9, 10, 88, 9, 10, 89, 9, 10, 89, 9, 10, 89, 9, 10, 88, 9, 10, 88, 9, 10, 87, 9, 10, 86, 9, 10, 86, 10, 11, 85, 12, 14, 83, 15, 18, 80, 19, 23, 76, 21, 27, 72, 21, 29, 68, 21, 30, 64, 20, 31, 60, 19, 31, 56, 17, 30, 54, 14, 25, 54, 11, 20, 53, 8, 15, 53, 8, 15, 53, 8, 15, 53, 8, 15, 53, 8, 15, 53, 8, 15, 53, 8, 15, 53, 8, 15, 53, 8, 15, 55, 8, 14, 56, 8, 14, 58, 7, 12, 61, 7, 11, 64, 7, 10, 67, 7, 10, 68, 7, 10, 67, 7, 10, 65, 7, 10, 61, 7, 11, 56, 7, 12, 49, 7, 14, 42, 7, 16, 35, 7, 20, 29, 7, 24, 24, 7, 29, 21, 7, 33, 18, 7, 38, 16, 7, 43, 14, 7, 50, 13, 7, 53]

[4, 9, 225, 4, 10, 250, 4, 10, 250, 5, 10, 200, 6, 9, 150, 9, 8, 88, 11, 9, 81, 14, 11, 78, 17, 13, 76, 20, 15, 75, 24, 15, 62, 26, 15, 57, 29, 14, 48, 31, 14, 45, 33, 13, 39, 35, 11, 31, 37, 9, 24, 40, 8, 20, 41, 8, 19, 43, 8, 18, 45, 8, 17, 47, 8, 17, 49, 8, 16, 50, 8, 16, 52, 8, 15, 54, 8, 14, 54, 8, 14, 56, 8, 14, 58, 8, 13, 59, 8, 13, 59, 8, 13, 60, 9, 15, 61, 10, 16, 62, 11, 17, 65, 13, 20, 68, 15, 22, 72, 17, 23, 74, 19, 25, 77, 20, 25, 80, 22, 27, 82, 23, 28, 84, 23, 27, 83, 22, 26, 84, 22, 26, 84, 22, 26, 85, 22, 25, 85, 22, 25, 85, 22, 25, 85, 21, 24, 85, 21, 24, 86, 22, 25, 86, 22, 25, 85, 21, 24, 84, 20, 23, 84, 20, 23, 84, 20, 23, 85, 21, 24, 85, 21, 24, 84, 20, 23, 83, 19, 22, 82, 19, 23, 81, 20, 24, 79, 19, 24, 74, 18, 24, 70, 15, 21, 66, 15, 22, 63, 14, 22, 60, 12, 20, 58, 11, 18, 56, 10, 17, 55, 8, 14, 55, 8, 14, 56, 8, 14, 56, 8, 14, 55, 8, 14, 55, 7, 12, 56, 7, 12, 57, 7, 12, 59, 7, 11, 60, 7, 11, 63, 7, 11, 64, 7, 10, 66, 6, 9, 65, 6, 9, 63, 6, 9, 60, 6, 10, 55, 6, 10, 49, 6, 12, 44, 6, 13, 38, 6, 15, 32, 6, 18, 28, 6, 21, 24, 6, 25, 21, 7, 33]

[10, 10, 100, 13, 14, 107, 16, 16, 100, 19, 18, 94, 23, 21, 91, 25, 23, 92, 27, 25, 92, 28, 25, 89, 29, 25, 86, 30, 25, 83, 30, 25, 83, 30, 26, 86, 29, 27, 93, 29, 28, 96, 29, 29, 100, 28, 29, 103, 26, 29, 111, 25, 29, 116, 24, 28, 116, 23, 26, 113, 22, 23, 104, 21, 19, 90, 20, 16, 80, 20, 14, 70, 20, 12, 60, 20, 10, 50, 20, 8, 40, 19, 6, 31, 17, 6, 35, 16, 6, 37, 15, 6, 40, 13, 6, 46, 12, 6, 50, 12, 7, 58, 12, 9, 75, 13, 12, 92, 14, 14, 100, 17, 17, 100, 20, 20, 100, 23, 23, 100, 26, 25, 96, 30, 29, 96, 35, 32, 91, 40, 34, 85, 45, 36, 80, 47, 38, 80, 49, 39, 79, 55, 41, 74, 63, 42, 66, 69, 42, 60, 74, 41, 55, 77, 41, 53, 80, 40, 50, 84, 40, 47, 88, 39, 44, 88, 39, 44, 86, 38, 44, 82, 37, 45, 80, 36, 45, 77, 35, 45, 76, 34, 44, 77, 33, 42, 79, 31, 39, 80, 29, 36, 82, 28, 34, 84, 27, 32, 87, 26, 29, 90, 26, 28, 92, 25, 27, 91, 26, 28, 90, 27, 30, 89, 28, 31, 88, 29, 32, 87, 30, 34, 86, 31, 36, 84, 32, 38, 83, 33, 39, 81, 33, 40, 80, 33, 41, 78, 33, 42, 76, 33, 43, 74, 33, 44, 71, 32, 45, 69, 31, 44, 66, 30, 45, 64, 29, 45, 59, 28, 47, 54, 26, 48, 50, 25, 50, 46, 22, 47, 41, 20, 48, 37, 18, 48, 35, 16, 45, 32, 14, 43, 30, 12, 40, 28, 11, 39, 25, 10, 40, 23, 12, 52, 21, 14, 66, 18, 16, 88, 15, 16, 106, 13, 16, 123, 12, 17, 141, 11, 18, 163, 10, 18, 180, 9, 17, 188, 9, 15, 166, 9, 13, 144, 8, 13, 162]

[2, 19, 950, 2, 15, 750, 3, 13, 433, 7, 11, 157, 10, 11, 110, 14, 12, 85, 18, 12, 66, 23, 14, 60, 27, 17, 62, 31, 20, 64, 35, 22, 62, 36, 24, 66, 37, 24, 64, 38, 24, 63, 38, 24, 63, 37, 23, 62, 37, 21, 56, 37, 19, 51, 36, 17, 47, 36, 14, 38, 36, 12, 33, 35, 10, 28, 35, 8, 22, 35, 7, 20, 35, 7, 20, 34, 7, 20, 32, 6, 18, 30, 6, 20, 28, 6, 21, 26, 6, 23, 23, 6, 26, 20, 6, 30, 18, 6, 33, 17, 7, 41, 17, 9, 52, 20, 12, 60, 25, 14, 56, 31, 18, 58, 39, 22, 56, 48, 26, 54, 57, 30, 52, 65, 32, 49, 72, 35, 48, 74, 36, 48, 75, 38, 50, 78, 38, 48, 78, 39, 50, 78, 40, 51, 78, 41, 52, 79, 43, 54, 79, 44, 55, 81, 45, 55, 83, 46, 55, 82, 47, 57, 80, 44, 55, 77, 40, 51, 73, 35, 47, 69, 30, 43, 64, 25, 39, 59, 20, 33, 56, 16, 28, 52, 11, 21, 49, 8, 16, 48, 7, 14, 46, 7, 15, 44, 7, 15, 44, 7, 15, 43, 7, 16, 42, 7, 16, 42, 7, 16, 41, 7, 17, 40, 7, 17, 39, 7, 17, 38, 7, 18, 36, 7, 19, 35, 7, 20, 33, 7, 21, 31, 7, 22, 28, 7, 25, 26, 7, 26, 23, 7, 30, 21, 7, 33, 19, 7, 36, 18, 8, 44, 17, 7, 41, 17, 7, 41, 18, 7, 38, 18, 7, 38, 19, 7, 36, 19, 7, 36, 19, 7, 36, 19, 7, 36, 19, 7, 36, 19, 7, 36, 19, 7, 36, 18, 7, 38, 18, 7, 38, 16, 7, 43, 15, 6, 40, 14, 6, 42, 13, 6, 46, 11, 6, 54, 10, 6, 60, 9, 6, 66, 8, 5, 62, 7, 5, 71, 6, 5, 83, 5, 6, 120, 5, 6, 120, 5, 6, 120, 4, 6, 150, 4, 6, 150, 3, 6, 200]

[2, 6, 300, 2, 7, 350, 2, 8, 400, 3, 9, 300, 6, 10, 166, 9, 13, 144, 11, 14, 127, 15, 14, 93, 18, 16, 88, 21, 18, 85, 24, 20, 83, 26, 22, 84, 27, 24, 88, 27, 23, 85, 26, 21, 80, 26, 19, 73, 26, 17, 65, 26, 15, 57, 26, 13, 50, 26, 10, 38, 26, 8, 30, 26, 7, 26, 26, 7, 26, 27, 7, 25, 26, 7, 26, 25, 6, 24, 25, 6, 24, 24, 6, 25, 23, 6, 26, 21, 6, 28, 20, 6, 30, 18, 6, 33, 17, 6, 35, 15, 6, 40, 13, 6, 46, 13, 7, 53, 12, 8, 66, 14, 10, 71, 16, 12, 75, 21, 14, 66, 26, 17, 65, 32, 21, 65, 40, 25, 62, 49, 28, 57, 57, 31, 54, 62, 33, 53, 65, 35, 53, 67, 37, 55, 68, 38, 55, 69, 38, 55, 68, 38, 55, 67, 37, 55, 67, 37, 55, 68, 37, 54, 72, 38, 52, 76, 39, 51, 79, 40, 50, 81, 41, 50, 84, 42, 50, 86, 43, 50, 85, 44, 51, 84, 46, 54, 78, 42, 53, 73, 38, 52, 69, 33, 47, 64, 30, 46, 60, 27, 45, 55, 24, 43, 52, 20, 38, 48, 17, 35, 47, 17, 36, 45, 19, 42, 44, 21, 47, 41, 19, 46, 40, 17, 42, 37, 15, 40, 36, 14, 38, 35, 12, 34, 35, 10, 28, 34, 9, 26, 33, 7, 21, 31, 7, 22, 30, 7, 23, 29, 7, 24, 27, 7, 25, 25, 7, 28, 24, 7, 29, 24, 7, 29, 23, 7, 30, 23, 7, 30, 22, 7, 31, 22, 7, 31, 21, 7, 33, 21, 7, 33, 21, 7, 33, 20, 7, 35, 20, 7, 35, 20, 7, 35, 20, 7, 35, 20, 7, 35, 20, 7, 35, 20, 7, 35, 20, 7, 35, 20, 7, 35, 19, 7, 36, 18, 6, 33, 18, 6, 33, 17, 6, 35, 16, 6, 37, 14, 6, 42, 12, 6, 50, 11, 6, 54, 10, 6, 60, 9, 6, 66, 8, 6, 75]

[11, 9, 81, 14, 11, 78, 17, 14, 82, 21, 16, 76, 25, 19, 76, 29, 21, 72, 32, 22, 68, 34, 23, 67, 36, 23, 63, 37, 24, 64, 38, 24, 63, 39, 25, 64, 39, 25, 64, 40, 25, 62, 40, 24, 60, 40, 22, 55, 40, 20, 50, 40, 19, 47, 40, 19, 47, 39, 17, 43, 38, 15, 39, 37, 13, 35, 36, 11, 30, 35, 11, 31, 33, 11, 33, 32, 9, 28, 31, 7, 22, 31, 7, 22, 30, 7, 23, 29, 7, 24, 27, 7, 25, 25, 6, 24, 23, 6, 26, 22, 6, 27, 20, 6, 30, 18, 6, 33, 16, 6, 37, 15, 6, 40, 16, 8, 50, 20, 10, 50, 25, 13, 52, 33, 16, 48, 43, 21, 48, 54, 25, 46, 67, 29, 43, 79, 32, 40, 88, 34, 38, 92, 36, 39, 95, 38, 40, 94, 38, 40, 91, 37, 40, 89, 37, 41, 86, 37, 43, 82, 36, 43, 76, 38, 50, 78, 39, 50, 79, 40, 50, 80, 41, 51, 81, 43, 53, 80, 44, 55, 79, 43, 54, 81, 43, 53, 82, 41, 50, 80, 38, 47, 75, 34, 45, 71, 29, 40, 67, 25, 37, 63, 20, 31, 58, 17, 29, 55, 13, 23, 51, 10, 19, 49, 8, 16, 50, 9, 18, 50, 11, 22, 50, 11, 22, 50, 11, 22, 50, 11, 22, 50, 11, 22, 50, 12, 24, 49, 14, 28, 48, 12, 25, 46, 11, 23, 45, 11, 24, 43, 11, 25, 41, 11, 26, 40, 11, 27, 39, 9, 23, 39, 8, 20, 39, 8, 20, 39, 8, 20, 39, 8, 20, 38, 8, 21, 38, 8, 21, 37, 8, 21, 36, 8, 22, 35, 8, 22, 35, 8, 22, 34, 7, 20, 34, 7, 20, 34, 7, 20, 34, 7, 20, 35, 7, 20, 35, 7, 20, 36, 7, 19, 36, 7, 19, 36, 7, 19, 35, 6, 17, 34, 6, 17, 32, 6, 18, 29, 6, 20, 25, 6, 24, 22, 6, 27, 18, 6, 33, 15, 6, 40, 12, 6, 50, 10, 6, 60, 9, 6, 66, 8, 6, 75]

[13, 17, 130, 16, 10, 62, 19, 14, 73, 23, 18, 78, 26, 22, 84, 27, 24, 88, 29, 25, 86, 31, 28, 90, 34, 30, 88, 36, 30, 83, 38, 30, 78, 40, 30, 75, 42, 29, 69, 42, 29, 69, 45, 29, 64, 48, 29, 60, 49, 29, 59, 49, 29, 59, 50, 29, 58, 50, 29, 58, 49, 29, 59, 48, 29, 60, 44, 29, 65, 41, 29, 70, 37, 26, 70, 33, 24, 72, 29, 23, 79, 25, 23, 92, 22, 23, 104, 19, 23, 121, 18, 23, 127, 17, 22, 129, 16, 22, 137, 15, 22, 146, 14, 20, 142, 12, 17, 141, 11, 15, 136, 11, 13, 118, 11, 13, 118, 12, 13, 108, 13, 15, 115, 17, 17, 100, 21, 20, 95, 25, 24, 96, 31, 28, 90, 37, 32, 86, 42, 34, 80, 50, 36, 72, 58, 38, 65, 64, 41, 64, 71, 42, 59, 76, 42, 55, 83, 43, 51, 88, 43, 48, 91, 43, 47, 90, 43, 47, 87, 42, 48, 84, 42, 50, 79, 42, 53, 72, 42, 58, 64, 42, 65, 56, 41, 73, 50, 41, 82, 44, 41, 93, 42, 40, 95, 42, 39, 92, 40, 37, 92, 40, 35, 87, 41, 34, 82, 42, 32, 76, 43, 31, 72, 44, 29, 65, 43, 28, 65, 43, 29, 67, 42, 30, 71, 42, 32, 76, 41, 33, 80, 40, 35, 87, 38, 36, 94, 38, 38, 100, 37, 39, 105, 37, 40, 108, 36, 40, 111, 35, 40, 114, 35, 40, 114, 34, 40, 117, 32, 39, 121, 31, 39, 125, 29, 38, 131, 28, 36, 128, 26, 34, 130, 25, 34, 136, 23, 34, 147, 22, 34, 154, 21, 35, 166, 20, 35, 175, 19, 35, 184, 18, 36, 200, 17, 36, 211, 16, 35, 218, 16, 33, 206, 15, 32, 213, 15, 30, 200, 14, 28, 200, 14, 27, 192, 14, 27, 192, 14, 26, 185, 13, 26, 200, 13, 26, 200, 13, 26, 200, 13, 24, 184, 12, 22, 183, 12, 20, 166, 11, 17, 154]

[7, 7, 100, 8, 9, 112, 10, 10, 100, 12, 12, 100, 14, 15, 107, 16, 18, 112, 18, 20, 111, 19, 22, 115, 21, 24, 114, 23, 24, 104, 24, 25, 104, 25, 26, 104, 27, 27, 100, 27, 27, 100, 28, 27, 96, 29, 28, 96, 28, 27, 96, 29, 27, 93, 29, 27, 93, 30, 27, 90, 31, 26, 83, 32, 26, 81, 32, 26, 81, 32, 26, 81, 31, 26, 83, 30, 25, 83, 28, 24, 85, 25, 23, 92, 23, 23, 100, 21, 23, 109, 19, 21, 110, 18, 18, 100, 17, 16, 94, 16, 14, 87, 14, 12, 85, 13, 10, 76, 11, 7, 63, 10, 6, 60, 11, 7, 63, 13, 10, 76, 17, 13, 76, 21, 16, 76, 29, 20, 68, 36, 26, 72, 45, 31, 68, 53, 35, 66, 63, 38, 60, 72, 39, 54, 81, 40, 49, 90, 42, 46, 92, 42, 45, 92, 42, 45, 90, 42, 46, 87, 41, 47, 82, 41, 50, 78, 41, 52, 69, 41, 59, 60, 41, 68, 57, 41, 71, 55, 41, 74, 56, 41, 73, 58, 39, 67, 57, 37, 64, 54, 36, 66, 53, 34, 64, 51, 33, 64, 50, 31, 62, 49, 30, 61, 46, 27, 58, 42, 25, 59, 40, 27, 67, 40, 28, 70, 39, 28, 71, 38, 28, 73, 37, 27, 72, 35, 27, 77, 34, 28, 82, 33, 31, 93, 32, 31, 96, 31, 30, 96, 31, 31, 100, 31, 31, 100, 30, 31, 103, 31, 31, 100, 31, 31, 100, 32, 31, 96, 32, 31, 96, 31, 31, 100, 30, 31, 103, 28, 30, 107, 27, 29, 107, 24, 28, 116, 22, 26, 118, 21, 24, 114, 19, 20, 105, 18, 17, 94, 18, 14, 77, 17, 13, 76, 16, 12, 75, 16, 11, 68, 15, 10, 66, 15, 9, 60, 14, 9, 64, 13, 9, 69, 12, 9, 75]

[23, 20, 86, 26, 9, 34, 29, 9, 31, 31, 9, 29, 34, 9, 26, 35, 9, 25, 36, 9, 25, 36, 9, 25, 36, 9, 25, 36, 9, 25, 37, 9, 24, 38, 9, 23, 39, 9, 23, 40, 9, 22, 41, 8, 19, 42, 8, 19, 43, 8, 18, 44, 10, 22, 46, 11, 23, 47, 12, 25, 49, 16, 32, 51, 20, 39, 53, 23, 43, 56, 27, 48, 57, 31, 54, 59, 33, 55, 60, 35, 58, 62, 38, 61, 62, 38, 61, 62, 38, 61, 62, 38, 61, 62, 38, 61, 63, 38, 60, 64, 37, 57, 64, 35, 54, 66, 34, 51, 66, 32, 48, 68, 30, 44, 69, 29, 42, 72, 27, 37, 73, 26, 35, 75, 26, 34, 77, 26, 33, 78, 26, 33, 79, 26, 32, 81, 26, 32, 81, 26, 32, 83, 26, 31, 83, 26, 31, 84, 27, 32, 84, 29, 34, 84, 28, 33, 84, 27, 32, 84, 26, 30, 84, 25, 29, 84, 25, 29, 83, 25, 30, 83, 25, 30, 83, 25, 30, 81, 27, 33, 80, 30, 37, 78, 33, 42, 77, 36, 46, 76, 38, 50, 75, 39, 52, 74, 40, 54, 73, 40, 54, 74, 40, 54, 75, 38, 50, 75, 36, 48, 76, 34, 44, 75, 32, 42, 73, 31, 42, 71, 29, 40, 67, 27, 40, 62, 26, 41, 58, 26, 44, 53, 26, 49, 49, 26, 53, 46, 26, 56, 43, 25, 58, 42, 25, 59, 42, 25, 59, 42, 25, 59, 43, 25, 58, 43, 25, 58, 44, 25, 56, 45, 25, 55, 46, 25, 54, 46, 25, 54, 46, 25, 54, 46, 25, 54, 46, 25, 54, 46, 26, 56, 46, 26, 56, 46, 26, 56, 46, 25, 54, 44, 25, 56, 42, 25, 59, 39, 25, 64, 37, 25, 67, 34, 24, 70, 31, 22, 70, 28, 20, 71, 26, 18, 69, 23, 16, 69, 22, 13, 59, 19, 11, 57, 18, 9, 50, 16, 8, 50]

[7, 19, 271, 8, 12, 150, 11, 11, 100, 13, 11, 84, 16, 11, 68, 19, 11, 57, 22, 11, 50, 24, 11, 45, 26, 10, 38, 28, 9, 32, 30, 8, 26, 32, 8, 25, 33, 8, 24, 34, 8, 23, 35, 8, 22, 36, 8, 22, 37, 8, 21, 38, 8, 21, 38, 8, 21, 38, 8, 21, 39, 8, 20, 40, 8, 20, 43, 11, 25, 45, 14, 31, 48, 18, 37, 51, 21, 41, 55, 25, 45, 58, 28, 48, 61, 32, 52, 64, 35, 54, 65, 36, 55, 65, 36, 55, 65, 36, 55, 65, 36, 55, 64, 36, 56, 63, 36, 57, 63, 36, 57, 62, 35, 56, 61, 35, 57, 61, 33, 54, 61, 31, 50, 61, 30, 49, 62, 30, 48, 63, 29, 46, 64, 29, 45, 65, 28, 43, 65, 26, 40, 65, 26, 40, 66, 28, 42, 67, 28, 41, 67, 28, 41, 67, 28, 41, 67, 29, 43, 67, 31, 46, 69, 32, 46, 70, 32, 45, 72, 31, 43, 73, 30, 41, 75, 29, 38, 77, 28, 36, 78, 27, 34, 79, 26, 32, 80, 26, 32, 80, 26, 32, 80, 26, 32, 79, 26, 32, 78, 26, 33, 77, 26, 33, 77, 26, 33, 76, 26, 34, 75, 26, 34, 75, 26, 34, 74, 25, 33, 73, 25, 34, 73, 25, 34, 70, 25, 35, 67, 25, 37, 63, 23, 36, 59, 21, 35, 55, 19, 34, 52, 17, 32, 49, 15, 30, 45, 13, 28, 43, 11, 25, 41, 9, 21, 40, 9, 22, 39, 9, 23, 38, 9, 23, 36, 9, 25, 34, 9, 26, 33, 9, 27, 32, 9, 28, 32, 9, 28, 32, 9, 28, 31, 9, 29, 30, 9, 30, 29, 9, 31, 27, 9, 33, 25, 9, 36, 23, 9, 39, 21, 9, 42, 19, 9, 47, 18, 9, 50, 17, 9, 52]

[28, 8, 28, 34, 8, 23, 38, 8, 21, 43, 8, 18, 45, 9, 20, 48, 9, 18, 49, 9, 18, 49, 9, 18, 49, 9, 18, 49, 9, 18, 50, 9, 18, 51, 9, 17, 52, 9, 17, 54, 9, 16, 56, 9, 16, 58, 9, 15, 59, 9, 15, 61, 9, 14, 61, 10, 16, 62, 12, 19, 63, 14, 22, 65, 18, 27, 67, 21, 31, 69, 25, 36, 71, 29, 40, 73, 31, 42, 75, 31, 41, 77, 31, 40, 79, 31, 39, 80, 29, 36, 81, 28, 34, 81, 26, 32, 80, 25, 31, 80, 25, 31, 78, 25, 32, 76, 25, 32, 73, 25, 34, 71, 25, 35, 68, 25, 36, 67, 25, 37, 65, 25, 38, 63, 25, 39, 63, 25, 39, 63, 25, 39, 62, 25, 40, 62, 25, 40, 62, 27, 43, 62, 29, 46, 62, 30, 48, 62, 32, 51, 62, 33, 53, 61, 33, 54, 59, 31, 52, 58, 29, 50, 57, 25, 43, 55, 21, 38, 53, 18, 33, 52, 14, 26, 50, 10, 20, 49, 10, 20, 47, 12, 25, 46, 14, 30, 45, 16, 35, 43, 16, 37, 41, 16, 39, 40, 16, 40, 38, 16, 42, 38, 14, 36, 38, 12, 31, 38, 10, 26, 38, 8, 21, 39, 8, 20, 38, 8, 21, 37, 7, 18, 36, 7, 19, 34, 7, 20, 31, 7, 22, 28, 7, 25]
