
Frequency: 4410, Amplitude pozitiv: 0, Amplitude negativ: 59, .-<<||||   -2, -126, -92, -17, ;


Frequency: 11025, Amplitude pozitiv: 64, Amplitude negativ: 35, .-<<||||   64, -35, ;


Frequency: 100, Amplitude pozitiv: 171, Amplitude negativ: 279, .-<<||||   46, 87, 105, 113, 77, 40, 1, 1, 177, 215, 199, 211, 308, 269, 112, 156, 89, 166, 211, 132, 155, 245, 247, 158, 201, 229, 204, 262, 212, 186, 219, 241, 251, 240, 231, 251, 195, 244, 190, 165, 215, 327, 228, 223, 105, 83, 100, 132, 71, 67, 134, -75, -125, -132, -13, -1, -1, -110, -40, -141, -84, -76, -170, -132, -177, -241, -348, -374, -375, -255, -338, -430, -226, -363, -317, -300, -306, -347, -499, -385, -413, -414, -480, -471, -510, -548, -516, -569, -456, -477, -552, -503, -521, -467, -507, -424, -383, -511, -354, -349, -524, -537, -462, -452, -493, -384, -347, -348, -266, -252, -214, -323, -518, -446, -294, -1, -1, -80, -512, -872, -692, -336, -1, -1, -62, -558, -920, -611, -209, -1, -1, -160, -453, -547, -348, -351, -159, -48, -158, -179, -119, -159, -49, -1, -1, -64, -140, -104, -1, -1, -1, -158, -235, -241, -1, -1, -1, -1, -212, -222, -129, -73, -72, -166, -200, -240, -176, -276, -297, -327, -404, -412, -463, -517, -555, -481, -496, -504, -522, -495, -406, -409, -386, -439, -518, -522, -506, -579, -355, -253, -310, -285, -451, -434, -390, -232, -135, -236, -204, -199, -372, -268, -150, -222, -78, -172, -235, -285, -183, -73, -42, -2, -45, -26, -1, -1, -2, -84, -11, ;


Frequency: 2450, Amplitude pozitiv: 76, Amplitude negativ: 111, .-<<||||   34, 36, 151, 107, 123, 5, -88, -142, -103, ;


Frequency: 179, Amplitude pozitiv: 108, Amplitude negativ: 160, .-<<||||   97, 119, -99, -49, 0, -131, -151, -177, -238, -273, -146, -168, -163, -148, -341, -365, -316, -268, -187, -292, -306, -149, -132, -113, -188, -204, -187, -239, -114, -131, -146, -1, -181, -179, -94, -115, -136, -209, -226, -241, -266, -303, -109, -105, -128, -76, -116, -241, -272, -256, -150, -143, -225, -246, -173, -175, -198, -273, -236, -133, -156, -195, -197, -197, -225, -206, -238, -1, -44, -99, -165, -150, -233, -321, -203, -136, -233, -366, -277, -355, -315, -256, -166, -148, -189, -77, -178, -152, -88, -187, -216, -205, -132, -121, -238, -191, -110, -108, -93, -123, -72, -55, -109, -8, -1, -33, -61, -104, -127, -133, -90, -167, -190, -93, -1, -1, -1, -1, -1, -48, -145, -56, -39, ;


Frequency: 11025, Amplitude pozitiv: 4, Amplitude negativ: 53, .-<<||||   4, -53, ;


Frequency: 361, Amplitude pozitiv: 160, Amplitude negativ: 48, .-<<||||   92, 148, 23, 111, 56, 164, 217, 40, 60, 1, 128, 158, 151, 257, 164, 259, 252, 185, 241, 244, 252, 266, 210, 274, 313, 180, 176, 204, 264, 306, 127, 61, 49, 77, 48, 101, 19, 84, 263, 345, 327, 197, 169, 98, 242, 212, 225, 205, 194, 126, 85, 206, 141, 277, 151, 27, 1, 35, 85, 34, -48, ;


Frequency: 7350, Amplitude pozitiv: 52, Amplitude negativ: 114, .-<<||||   89, 15, -114, ;


Frequency: 310, Amplitude pozitiv: 21, Amplitude negativ: 362, .-<<||||   21, -100, -99, -164, -216, -167, -291, -197, -264, -317, -382, -379, -306, -340, -218, -328, -383, -345, -432, -413, -361, -350, -381, -414, -459, -593, -610, -503, -580, -493, -536, -615, -622, -578, -472, -612, -472, -528, -439, -540, -608, -492, -648, -555, -505, -468, -384, -444, -549, -526, -354, -396, -412, -333, -298, -355, -470, -410, -428, -293, -42, -143, -184, -229, -173, -13, -24, -1, -38, -87, -22, ;


Frequency: 108, Amplitude pozitiv: 61, Amplitude negativ: 224, .-<<||||   29, 84, 111, 51, 1, 83, 44, 144, 120, 61, 33, 35, 83, 130, 171, 117, 38, 3, 1, 3, 69, 1, 16, 39, 64, -14, -97, -127, -242, -117, -92, -209, -118, -103, -103, -109, -40, -48, -58, -71, -106, -193, -214, -20, -1, -1, -34, -41, -175, -83, -58, -16, -1, -115, -35, -183, -105, -160, -26, -102, -88, -181, -388, -456, -479, -438, -341, -297, -372, -252, -239, -344, -458, -385, -385, -232, -256, -273, -207, -262, -302, -240, -176, -191, -219, -137, -218, -158, -160, -51, -46, -96, -49, -170, -148, -79, -7, -73, -30, -123, -342, -471, -345, -124, -114, -139, -263, -232, -265, -359, -328, -414, -348, -359, -292, -97, -100, -184, -267, -278, -204, -310, -327, -318, -258, -327, -405, -367, -180, -104, -196, -202, -294, -266, -341, -259, -316, -302, -132, -255, -260, -277, -414, -408, -358, -265, -331, -264, -344, -323, -364, -423, -233, -238, -280, -313, -339, -377, -410, -384, -85, -81, -178, -242, -300, -344, -187, -176, -277, -303, -224, -72, -179, -290, -295, -348, -275, -179, -238, -327, -282, -384, -287, -290, -266, -332, -361, -283, -179, -363, -349, -374, -429, -219, -229, -166, -167, -170, -241, -231, -165, -149, -96, -34, ;


Frequency: 7350, Amplitude pozitiv: 52, Amplitude negativ: 59, .-<<||||   52, -40, -78, ;


Frequency: 119, Amplitude pozitiv: 313, Amplitude negativ: 267, .-<<||||   48, 61, 206, 211, 178, 103, 11, 213, 271, 275, 249, 286, 310, 362, 242, 417, 330, 363, 338, 343, 527, 446, 608, 413, 429, 409, 267, 410, 499, 647, 714, 530, 408, 480, 516, 498, 503, 481, 469, 356, 182, 180, 373, 352, 379, 412, 102, 108, 171, 90, 8, 186, 135, 66, 63, -3, -213, -379, -223, -143, -147, -132, -137, -359, -336, -376, -322, -309, -222, -354, -500, -439, -512, -357, -374, -391, -449, -594, -653, -469, -436, -436, -489, -633, -582, -603, -558, -412, -370, -428, -527, -639, -560, -505, -319, -333, -273, -378, -474, -464, -502, -383, -299, -285, -270, -189, -276, -329, -405, -261, -218, -167, -65, -111, -44, -45, -59, -89, -127, -58, -1, -1, -58, -200, -200, -156, -63, -1, -1, -1, -1, -194, -194, -240, -83, -40, -1, -27, -323, -322, -369, -267, -130, -142, -229, -337, -448, -370, -302, -358, -347, -278, -156, -221, -353, -273, -151, -282, -388, -420, -336, -334, -252, -43, -362, -463, -381, -404, -299, -50, -1, -116, -441, -362, -165, -175, -76, -19, -52, -1, -1, -73, -217, -68, -129, ;


Frequency: 172, Amplitude pozitiv: 984, Amplitude negativ: 982, .-<<||||   168, 425, 412, 452, 254, 205, 305, 409, 607, 648, 595, 564, 593, 537, 647, 906, 868, 822, 895, 1099, 1169, 1194, 1323, 1402, 1334, 1286, 1310, 1302, 1639, 1699, 1705, 1647, 1523, 1637, 1576, 1717, 1659, 1471, 1496, 1364, 1394, 1393, 1501, 1412, 1257, 1205, 1073, 1080, 1080, 986, 983, 748, 588, 562, 375, 349, 188, 79, -73, -68, -218, -375, -474, -523, -589, -643, -680, -704, -752, -848, -853, -977, -1081, -1262, -1173, -1004, -1088, -1058, -1054, -1175, -1190, -1206, -1275, -1349, -1319, -1248, -1183, -1360, -1271, -1202, -1364, -1228, -1438, -1475, -1362, -1388, -1393, -1367, -1264, -1258, -1356, -1419, -1499, -1478, -1328, -1148, -1228, -1312, -1222, -1270, -1285, -1251, -1161, -1053, -1044, -963, -947, -915, -826, -657, -492, -480, -447, -422, -389, -262, -71, -8, ;


Frequency: 225, Amplitude pozitiv: 1948, Amplitude negativ: 2863, .-<<||||   31, 196, 202, 308, 345, 433, 587, 877, 932, 995, 1009, 947, 987, 1060, 1296, 1438, 1594, 1739, 1566, 1473, 1477, 1313, 1568, 1863, 1930, 2276, 2215, 2233, 2184, 2114, 2421, 2398, 2557, 2867, 2967, 2898, 3078, 3064, 2898, 3000, 3177, 3304, 3296, 3643, 3701, 3452, 3498, 3423, 3371, 3069, 3046, 2885, 2547, 2539, 2171, 1754, 1498, 1329, 1140, 636, 60, -642, -1432, -1535, -1625, -1629, -1719, -2333, -3081, -3956, -4314, -4287, -4265, -4044, -4035, -4249, -4553, -4617, -4610, -4391, -4158, -4168, -4133, -4125, -3761, -3397, -3099, -2695, -2640, -2424, -2128, -1807, -1522, -1466, -1287, -951, -703, -177, ;


Frequency: 580, Amplitude pozitiv: 213, Amplitude negativ: 863, .-<<||||   114, 220, 255, 1, 17, 138, 347, 464, 317, 342, 322, 217, 16, -60, -177, -526, -773, -899, -745, -687, -759, -924, -1110, -1266, -1507, -1516, -1377, -1362, -1350, -1330, -1173, -1108, -895, -607, -565, -470, -296, -104, ;


Frequency: 282, Amplitude pozitiv: 2044, Amplitude negativ: 4341, .-<<||||   35, 471, 698, 932, 1037, 1242, 1451, 1534, 1512, 1479, 1433, 1623, 2022, 2176, 2432, 2228, 2104, 1889, 1899, 1996, 2080, 2186, 2309, 2305, 2172, 2049, 2096, 2168, 2123, 2096, 2314, 2516, 2634, 2865, 2856, 2986, 3163, 3266, 3691, 3473, 1457, 1, 1, 1257, 4812, 6840, 5920, 1202, 1, 1, 1, 1, 4374, 4679, 372, -5284, -8720, -8210, -5031, -1966, -1167, -2961, -5817, -7150, -6716, -5254, -3870, -3856, -5147, -5944, -5447, -4137, -2641, -2208, -2877, -3186, -2100, -163, ;


Frequency: 247, Amplitude pozitiv: 2218, Amplitude negativ: 1147, .-<<||||   1523, 1652, 73, 1, 1, 696, 3130, 4520, 4221, 2702, 1532, 1710, 2791, 3569, 3290, 2402, 1718, 1722, 2793, 3883, 3926, 2687, 484, -1294, -1480, -336, -1, -1, -138, -1346, -1908, -1531, -916, -1185, -2248, -3471, -3970, -3414, -2090, -879, -629, -1389, -2386, -2943, -2771, -2037, -1218, -747, -665, -445, -310, -35, -1, -323, -856, -1069, -527, -1, -1, -1, -1, -359, -1086, -1215, -711, -1, -1, -375, -1085, -1530, -1435, -1204, -1251, -1451, -1873, -2098, -2063, -1857, -1755, -1696, -1592, -1573, -1439, -1052, -786, -694, -528, -362, -90, ;


Frequency: 441, Amplitude pozitiv: 3947, Amplitude negativ: 3782, .-<<||||   623, 1783, 2528, 2820, 2972, 2780, 2735, 3633, 4783, 5564, 6001, 6313, 5471, 2789, 1056, 1567, 4607, 8597, 10626, 8603, 2165, 1, 1, 1, 3318, 8615, 8336, 2247, -5253, -9320, -8583, -3977, -1, -1, -390, -3996, -6318, -6636, -5142, -3525, -3451, -4349, -5072, -4643, -3197, -1584, -1244, -2173, -2654, -1697, ;


Frequency: 250, Amplitude pozitiv: 2644, Amplitude negativ: 1474, .-<<||||   454, 2328, 2589, 1034, 1, 1, 1208, 4197, 5998, 5966, 4428, 2490, 1700, 1709, 2428, 3308, 4136, 4461, 4010, 3585, 2856, 1673, 266, -769, -981, -106, -1, -1, -176, -2281, -3611, -3564, -2826, -1800, -1792, -3298, -5004, -5955, -5515, -3981, -2718, -2321, -2786, -3616, -4303, -4908, -4808, -3899, -2613, -1334, -317, -165, -882, -1984, -2842, -2746, -1750, -132, -1, -1, -1, -1, -773, -1308, -1046, -38, -1, -1, -1, -1, -1, -132, -375, -560, -443, -275, -344, -560, -743, -708, -421, -179, -1, -38, -300, -661, -740, -407, ;


Frequency: 361, Amplitude pozitiv: 3844, Amplitude negativ: 3513, .-<<||||   163, 940, 1594, 2053, 2298, 2221, 2337, 2281, 2466, 3121, 3656, 4603, 5207, 6089, 6797, 6688, 6249, 4691, 2467, 1199, 2841, 6394, 9828, 10792, 7427, 1446, 1, 1, 1, 4492, 8436, 7124, 961, -5541, -8430, -7108, -3044, -1, -1, -1940, -5273, -7066, -6610, -4863, -3518, -3697, -5187, -5977, -5468, -4086, -3022, -3044, -3441, -3420, -2077, -156, -1, -1, -1211, -2399, -1791, ;


Frequency: 256, Amplitude pozitiv: 2337, Amplitude negativ: 1331, .-<<||||   605, 3154, 4293, 3826, 2579, 1536, 1297, 1813, 2278, 2258, 1807, 1775, 2226, 3115, 3526, 2788, 869, -1180, -1959, -1395, -15, -1, -1, -626, -1936, -2464, -2286, -2002, -2336, -3208, -4131, -4239, -3431, -2109, -1183, -1276, -2233, -3547, -4355, -4264, -3072, -1373, -287, -95, -365, -829, -1087, -1122, -1113, -1152, -687, -1, -1, -1, -1, -1, -212, -1034, -875, -1, -1, -1, -1, -1, -266, -906, -1254, -1283, -1139, -1127, -1237, -1330, -1245, -1243, -1239, -1627, -1935, -2328, -2392, -2059, -1480, -1010, -1072, -1096, -955, -156, ;


Frequency: 373, Amplitude pozitiv: 3708, Amplitude negativ: 2982, .-<<||||   542, 945, 1270, 1193, 1136, 1334, 2200, 3340, 4632, 5456, 5980, 5580, 5365, 5377, 4654, 2835, 370, 1490, 5431, 10610, 13280, 10251, 2844, 1, 1, 1, 4280, 12051, 12835, 5506, 1, 1, 1, 1, 803, 3737, 1870, -2818, -6531, -7236, -6012, -3941, -3148, -4602, -5541, -5239, -3620, -1691, -1339, -2430, -3683, -2853, -768, -1, -1, -1, -1751, -2319, -79, ;


Frequency: 262, Amplitude pozitiv: 2931, Amplitude negativ: 1693, .-<<||||   3047, 5128, 5397, 4093, 2791, 2047, 1980, 2132, 2616, 3248, 4062, 5136, 5283, 4915, 3551, 1230, 1, 1, 556, 2823, 3999, 3015, 370, -2004, -2490, -1492, -212, -179, -1373, -3231, -4018, -3525, -2115, -1169, -1354, -2041, -3231, -3974, -3829, -3257, -2629, -1886, -1640, -1409, -1211, -1202, -1756, -2662, -3260, -3020, -1542, -1, -1, -1, -333, -2627, -3746, -3007, -1205, -1, -1, -1, -358, -1361, -2148, -2439, -2196, -1726, -1086, -605, -539, -977, -1489, -2083, -2376, -2473, -2066, -1334, -701, -561, -926, -1382, -1345, -511, ;


Frequency: 380, Amplitude pozitiv: 4081, Amplitude negativ: 3615, .-<<||||   702, 1638, 1883, 1216, 515, 612, 1519, 3255, 4561, 5222, 5485, 4869, 4734, 4732, 5142, 6152, 7265, 7417, 6280, 4726, 3541, 4187, 6354, 8938, 9341, 7058, 3203, 1, 1, 1, 3354, 6185, 5944, 2743, -1923, -5608, -6628, -5265, -2875, -996, -657, -1921, -3742, -5074, -5830, -5900, -5821, -5886, -5208, -4034, -2612, -1831, -2079, -3003, -3825, -3525, -2224, -306, ;


Frequency: 245, Amplitude pozitiv: 2527, Amplitude negativ: 1325, .-<<||||   819, 857, 258, 1, 412, 1558, 2944, 3861, 3850, 3115, 2492, 2470, 2847, 3544, 4123, 4233, 4383, 4380, 4060, 3427, 2348, 1426, 1295, 1902, 2782, 3226, 2727, 1416, -274, -1474, -1639, -1188, -655, -379, -968, -2172, -3416, -4266, -3881, -3141, -2266, -1895, -2574, -3701, -4538, -4342, -3457, -2485, -1538, -1227, -1685, -2356, -2757, -2548, -1727, -540, -1, -1, -1, -389, -1036, -1139, -695, -1, -1, -1, -1, -1, -49, -1060, -1195, -826, -132, -1, -1, -1, -655, -1286, -1551, -1451, -1053, -636, -569, -553, -776, -935, -988, -884, -735, -473, ;


Frequency: 361, Amplitude pozitiv: 3381, Amplitude negativ: 2690, .-<<||||   208, 710, 1066, 1015, 926, 843, 720, 1615, 2765, 3811, 4151, 4094, 4089, 4092, 5034, 5366, 4729, 3565, 2653, 3514, 5710, 8326, 9229, 7066, 2964, 1, 1, 1, 3879, 6951, 6314, 2787, -1895, -5138, -5340, -3551, -1304, -349, -512, -1727, -3122, -3876, -4679, -5198, -5789, -5708, -4664, -3269, -1975, -1739, -2808, -4234, -4591, -3384, -1330, -1, -1, -1, -442, -1094, -312, ;


Frequency: 262, Amplitude pozitiv: 3198, Amplitude negativ: 1679, .-<<||||   1196, 2948, 4027, 4204, 3852, 3173, 2910, 2841, 3028, 3442, 4155, 4973, 5524, 5341, 4221, 2801, 1560, 1144, 1883, 2908, 3399, 2804, 1235, -200, -1327, -1466, -1075, -1092, -1346, -2077, -2863, -3376, -3345, -3336, -3604, -4081, -4367, -4306, -4173, -4190, -4017, -3858, -3694, -3439, -3265, -3100, -3165, -3077, -3101, -2609, -1648, -692, -112, -315, -1189, -1992, -1902, -1185, -273, -1, -1, -1, -1, -626, -1054, -1259, -1033, -380, -1, -1, -1, -1, -862, -1587, -1631, -1379, -648, -1, -1, -1, -418, -993, -1112, -625, ;


Frequency: 350, Amplitude pozitiv: 3301, Amplitude negativ: 2514, .-<<||||   222, 921, 1160, 996, 734, 833, 1096, 1619, 2429, 2863, 3119, 3201, 3152, 3333, 3684, 4658, 5985, 6718, 6099, 3989, 2192, 1643, 3272, 6381, 9265, 9301, 6209, 2152, 1, 1, 643, 4277, 6273, 5147, 1980, -1955, -4089, -3690, -2081, -756, -590, -1504, -2809, -3378, -3416, -3680, -3831, -4520, -5160, -4846, -3613, -2340, -2228, -2825, -3528, -3592, -2601, -1347, -127, -36, -528, -768, -567, ;


Frequency: 239, Amplitude pozitiv: 2972, Amplitude negativ: 1495, .-<<||||   601, 1750, 2742, 3147, 2860, 2700, 2775, 3109, 3299, 3399, 3546, 4005, 4784, 5335, 5115, 3944, 2709, 1911, 1836, 2593, 3291, 3018, 1997, 881, -23, -440, -376, -396, -734, -1391, -2227, -2799, -3098, -3134, -2923, -3017, -3262, -3639, -3747, -3784, -3850, -3795, -3692, -3290, -2562, -2306, -2419, -2878, -3416, -3229, -2754, -1644, -764, -378, -667, -1249, -1764, -1736, -1075, -438, -100, -283, -587, -975, -1243, -697, -328, -354, -435, -658, -702, -594, -556, -964, -1277, -1433, -1133, -501, -233, -383, -869, -1692, -2080, -1604, -776, -1, -1, -1, -442, -1016, -768, -122, ;


Frequency: 386, Amplitude pozitiv: 3681, Amplitude negativ: 1706, .-<<||||   634, 1339, 1571, 1328, 1331, 1781, 2350, 3210, 3645, 3759, 4298, 4900, 4901, 3943, 3260, 2979, 3906, 6197, 8545, 8886, 6628, 3665, 930, 121, 2509, 5787, 7290, 6383, 3801, 574, -1498, -1647, -1018, -285, -1, -1, -22, -300, -801, -2214, -3578, -4576, -4705, -3640, -1864, -857, -1098, -2196, -3303, -3613, -2743, -1487, -687, -773, -1361, -1223, -571, ;


Frequency: 232, Amplitude pozitiv: 2247, Amplitude negativ: 1316, .-<<||||   592, 1584, 1761, 1557, 1324, 1449, 1649, 2027, 2332, 2480, 2841, 3323, 4086, 4240, 3678, 2429, 1150, 643, 1362, 2807, 3541, 3138, 1690, -114, -1283, -1247, -383, -1, -1, -595, -1847, -3088, -3630, -3246, -2644, -2206, -2292, -2836, -3262, -3588, -3528, -3550, -3371, -3326, -3058, -2585, -1897, -1823, -2216, -2698, -2937, -2403, -1403, -519, -205, -533, -1173, -1496, -1411, -958, -402, -1, -1, -189, -438, -450, -285, -331, -413, -488, -529, -205, -15, -66, -537, -1116, -1417, -1441, -1057, -685, -477, -534, -1006, -1474, -1609, -1420, -777, -100, -8, -273, -490, -1006, -1179, -863, -172, ;


Frequency: 373, Amplitude pozitiv: 3483, Amplitude negativ: 1550, .-<<||||   591, 1457, 1825, 1585, 1250, 1058, 1757, 2433, 3779, 4785, 4818, 3908, 2827, 2751, 3593, 5281, 6854, 7264, 6036, 4162, 2451, 1511, 2402, 4278, 5775, 6027, 4743, 2332, 0, -1198, -1413, -627, -1, -1, -1, -1, -1255, -2746, -3843, -3837, -3279, -2679, -2044, -1842, -2132, -2567, -2892, -3147, -3067, -2722, -2303, -1736, -1217, -585, -116, -74, -86, -384, -274, ;


Frequency: 229, Amplitude pozitiv: 1810, Amplitude negativ: 1556, .-<<||||   318, 1157, 1909, 2466, 2557, 2283, 2151, 2160, 2426, 2651, 2896, 2987, 2960, 2664, 2470, 2514, 2328, 1962, 1628, 1131, 630, 450, 300, 235, 27, -491, -1052, -1506, -1936, -2416, -2578, -2233, -2050, -2204, -2306, -2726, -3338, -3808, -3765, -3534, -2778, -2225, -2287, -2405, -2917, -3408, -3480, -3015, -2280, -1780, -1445, -1349, -1567, -1708, -1794, -1918, -1726, -1347, -811, -275, -13, -110, -426, -785, -1117, -1024, -932, -467, -1, -33, -319, -679, -1156, -1479, -1259, -1135, -1085, -1076, -1243, -1400, -1591, -1600, -1514, -1432, -1469, -1570, -1647, -1670, -1550, -1087, -801, -541, -557, -588, -414, -263, ;


Frequency: 432, Amplitude pozitiv: 2749, Amplitude negativ: 1564, .-<<||||   141, 475, 1037, 1603, 1969, 2888, 3469, 3718, 3283, 2508, 2507, 2723, 4141, 5477, 6261, 6236, 5024, 3989, 2537, 2283, 3244, 4389, 5439, 5205, 4499, 2832, 1183, 208, 1, 430, 1212, 1790, 1918, 1254, 372, -1068, -2284, -2804, -2914, -2127, -1131, -275, -141, -922, -1783, -2796, -2790, -2145, -1343, -445, -61, ;


Frequency: 11025, Amplitude pozitiv: 93, Amplitude negativ: 68, .-<<||||   93, -68, ;


Frequency: 220, Amplitude pozitiv: 1271, Amplitude negativ: 1388, .-<<||||   123, 34, 233, 653, 575, 860, 1075, 1657, 1990, 2027, 2167, 2011, 2040, 2235, 2470, 2375, 2139, 1871, 1720, 1876, 1882, 1917, 1951, 1661, 921, 168, 67, 159, 139, 290, 137, -253, -672, -1044, -1235, -1505, -1530, -1541, -1537, -1465, -1355, -1267, -1371, -1452, -1609, -1719, -1755, -1586, -1310, -1237, -1156, -996, -870, -662, -553, -664, -948, -1164, -1120, -1085, -692, -133, -1, -9, -638, -1267, -1761, -1702, -1305, -845, -647, -820, -1194, -1584, -1949, -2280, -2168, -2116, -2134, -2088, -1931, -1703, -1735, -1882, -2347, -2692, -2696, -2693, -2487, -1991, -1432, -1320, -1365, -1633, -1815, -1888, -1605, -1223, -912, -428, ;


Frequency: 386, Amplitude pozitiv: 2969, Amplitude negativ: 640, .-<<||||   49, 543, 892, 966, 980, 1163, 1622, 2065, 2744, 3239, 3330, 3569, 3911, 4081, 4481, 4912, 5126, 4775, 4405, 4207, 3942, 4580, 5341, 5474, 5271, 4656, 3316, 2021, 1865, 2544, 2845, 3239, 3091, 2153, 1474, 930, 68, -427, -528, -629, -881, -538, -139, -383, -476, -835, -1693, -1948, -1483, -762, -128, -1, -29, -551, -666, -513, -202, ;


Frequency: 214, Amplitude pozitiv: 1076, Amplitude negativ: 1619, .-<<||||   488, 1200, 1098, 1086, 1204, 1160, 1075, 1275, 1432, 1563, 1662, 1634, 1469, 1132, 952, 888, 929, 1099, 1210, 1009, 707, 406, 81, -164, -117, -56, -153, -336, -565, -734, -665, -827, -1024, -1024, -1054, -683, -589, -695, -1016, -1105, -1044, -889, -570, -498, -610, -932, -1295, -1454, -1365, -868, -333, -246, -317, -839, -1422, -1742, -1752, -1672, -1399, -1302, -1500, -1510, -1647, -2014, -2450, -2840, -3027, -2967, -2485, -2134, -1986, -2169, -2765, -3223, -3473, -3308, -3081, -2949, -2852, -2954, -3097, -3119, -2910, -2779, -2823, -2789, -3003, -2976, -2916, -2729, -2276, -1839, -1989, -2092, -1957, -1647, -1546, -1618, -1135, -456, -369, -621, -218, ;


Frequency: 386, Amplitude pozitiv: 2676, Amplitude negativ: 266, .-<<||||   253, 476, 654, 1082, 2032, 2806, 2948, 2502, 2393, 2713, 2785, 3588, 4697, 5542, 5529, 4760, 4002, 3588, 3924, 4827, 5432, 5624, 5368, 4419, 3529, 3036, 2998, 3097, 3017, 3144, 3016, 2877, 2208, 1487, 1005, 636, 457, 179, 342, 627, 703, 648, 133, -572, -664, -347, -362, -188, -91, -5, -1, -1, -1, -394, -616, -379, -112, ;


Frequency: 216, Amplitude pozitiv: 290, Amplitude negativ: 1775, .-<<||||   190, 698, 776, 541, 50, 1, 106, 172, 273, 314, 462, 393, 190, 207, 310, 404, 341, 225, 109, 1, 4, 269, 560, 615, 475, 78, 1, 1, 1, 196, 476, 660, 546, 245, -125, -346, -449, -181, -184, -158, -1, -1, -29, -287, -773, -1176, -1457, -1237, -709, -505, -613, -954, -1499, -2118, -2335, -2143, -2069, -2023, -2044, -2153, -2261, -2437, -2818, -3214, -3404, -3323, -3098, -2656, -2425, -2668, -3123, -3402, -3504, -3421, -2935, -2598, -2700, -3181, -3267, -3033, -2465, -2103, -2107, -2396, -2701, -2664, -2460, -2114, -1677, -1633, -1751, -2137, -2220, -1692, -1164, -713, -696, -936, -897, -623, -369, -177, ;


Frequency: 133, Amplitude pozitiv: 2077, Amplitude negativ: 1753, .-<<||||   58, 444, 522, 772, 1701, 2312, 2192, 2164, 2120, 2151, 2705, 3481, 3991, 4370, 4356, 4268, 4382, 4589, 4531, 4232, 4460, 4960, 5244, 5704, 5716, 5317, 4723, 4278, 3971, 4008, 4394, 4600, 4326, 3725, 3092, 2905, 2689, 2466, 2242, 1931, 1662, 1504, 1481, 1592, 1721, 1604, 967, 280, 232, 359, 798, 1186, 1052, 987, 860, 781, 715, 753, 633, 462, 740, 1004, 1236, 1299, 1052, 874, 828, 631, 579, 603, 1033, 1274, 1189, 1046, 812, 775, 627, 454, 425, 412, 540, 589, 443, 344, -9, -202, -92, -101, -66, -1, -173, -397, -576, -617, -658, -667, -714, -648, -630, -871, -1150, -1326, -1440, -1584, -1494, -1455, -1441, -1446, -1680, -1901, -2247, -2524, -2574, -2445, -2207, -1963, -2041, -2331, -2665, -2860, -2944, -3050, -3175, -3203, -2947, -2624, -2484, -2608, -2819, -3042, -3300, -3393, -3295, -2999, -2492, -2379, -2725, -2917, -2801, -2579, -2451, -2452, -2563, -2523, -2392, -2433, -2254, -2158, -1908, -1881, -2122, -2227, -1968, -1463, -1331, -1437, -1398, -943, -732, -876, -740, -297, -151, -269, -131, ;


Frequency: 132, Amplitude pozitiv: 2437, Amplitude negativ: 2435, .-<<||||   496, 925, 1043, 931, 1074, 1331, 1729, 2384, 2779, 2995, 2984, 3018, 3071, 3379, 3715, 4103, 4182, 4294, 4510, 4615, 4808, 4723, 4650, 4577, 4555, 4704, 4607, 4668, 4797, 4484, 3905, 3465, 3543, 3736, 3745, 3631, 3434, 3152, 2802, 2626, 2404, 2387, 2417, 2377, 2285, 2227, 2088, 2085, 1799, 1655, 1706, 1748, 1725, 1614, 1737, 1906, 1948, 1845, 1706, 1714, 1582, 1401, 1451, 1576, 1894, 1867, 1597, 1327, 1100, 796, 664, 731, 740, 764, 649, 418, 200, 231, 11, -280, -611, -836, -1017, -1106, -924, -1079, -1186, -1450, -1927, -2277, -2563, -2812, -2722, -2673, -2458, -2440, -2533, -2666, -2969, -2954, -3147, -3200, -3132, -3068, -2938, -2787, -2637, -2709, -2795, -3080, -3076, -3241, -3209, -3093, -3045, -2805, -2635, -2803, -3156, -3339, -3466, -3456, -3428, -3236, -3243, -3194, -3302, -3354, -3333, -3404, -3394, -3296, -3292, -3215, -3375, -3491, -3408, -3422, -3380, -3179, -2880, -2925, -2874, -2793, -2892, -2921, -2822, -2592, -2473, -2080, -1968, -2073, -2085, -2070, -1994, -1748, -1360, -994, -750, -651, -513, -577, -631, -506, -370, -127, ;


Frequency: 133, Amplitude pozitiv: 2734, Amplitude negativ: 2410, .-<<||||   343, 771, 917, 1067, 1134, 1046, 1054, 1148, 1445, 1825, 2065, 2270, 2255, 2403, 2618, 2605, 2649, 2844, 2905, 3145, 3443, 3652, 3598, 3571, 3639, 3675, 3960, 4031, 4100, 4117, 4068, 4211, 4333, 4590, 4658, 4530, 4507, 4178, 3870, 3917, 4056, 4354, 4553, 4507, 4285, 4030, 3898, 3671, 3486, 3383, 3357, 3504, 3497, 3368, 3232, 2956, 2719, 2509, 2338, 2329, 2348, 2295, 2208, 2042, 1897, 1761, 1551, 1405, 1100, 856, 489, 402, 695, 719, 646, 246, -211, -481, -777, -896, -935, -887, -940, -1025, -1233, -1523, -1651, -2145, -2339, -2458, -2351, -2237, -2360, -2297, -2467, -2617, -2857, -2924, -2805, -2592, -2666, -2639, -2873, -2830, -2787, -2797, -2746, -2754, -2856, -3094, -3103, -3106, -2909, -2810, -2804, -2716, -2852, -3075, -3149, -3136, -3140, -3080, -3092, -3227, -3299, -3268, -3260, -3329, -3415, -3500, -3754, -3738, -3699, -3541, -3268, -3213, -3195, -3416, -3389, -3486, -3249, -3082, -3045, -3034, -3098, -2849, -2630, -2501, -2328, -2165, -2042, -2057, -2014, -1761, -1566, -1489, -1441, -1269, -1024, -940, -830, -770, -720, -412, -213, ;


Frequency: 129, Amplitude pozitiv: 2662, Amplitude negativ: 2514, .-<<||||   38, 138, 76, 327, 345, 418, 438, 575, 845, 1361, 1549, 1536, 1444, 1407, 1518, 1869, 2167, 2371, 2638, 2623, 2652, 2945, 3068, 3124, 3323, 3323, 3558, 3659, 3760, 3846, 4011, 4026, 4061, 4146, 4115, 4247, 4438, 4523, 4641, 4814, 4708, 4598, 4402, 4342, 4523, 4696, 4808, 4705, 4603, 4570, 4453, 4304, 4258, 4246, 4179, 4099, 3910, 3896, 3660, 3363, 3236, 3124, 3040, 2699, 2469, 2249, 2193, 2061, 1840, 1661, 1492, 1361, 1223, 1102, 982, 774, 741, 653, 562, 553, 464, 223, 28, -167, -119, -113, -211, -284, -459, -583, -784, -914, -972, -1297, -1416, -1513, -1665, -1752, -1947, -2097, -2306, -2448, -2619, -2828, -2976, -3185, -3359, -3604, -3652, -3644, -3855, -3870, -4033, -4151, -4291, -4538, -4525, -4437, -4325, -4186, -4182, -4229, -4458, -4486, -4542, -4552, -4522, -4229, -3998, -3952, -3839, -3798, -3962, -3873, -3646, -3486, -3270, -3227, -3109, -3139, -3147, -3100, -3061, -2908, -2631, -2568, -2495, -2475, -2597, -2467, -2348, -2131, -1885, -1707, -1622, -1602, -1592, -1567, -1548, -1296, -1064, -779, -424, -629, -792, -917, -776, -580, -311, -121, ;


Frequency: 132, Amplitude pozitiv: 2103, Amplitude negativ: 2671, .-<<||||   92, 217, 194, 215, 282, 536, 655, 690, 824, 1070, 1329, 1449, 1637, 1694, 1667, 1600, 1696, 1793, 2069, 2353, 2529, 2833, 2844, 2855, 2821, 2793, 2692, 2802, 2995, 3201, 3308, 3295, 3224, 3242, 3085, 2947, 2849, 3015, 3064, 3080, 3233, 3086, 3013, 3004, 2969, 2875, 2782, 2756, 2953, 2960, 2935, 2860, 2787, 2720, 2635, 2640, 2625, 2567, 2668, 2688, 2544, 2627, 2657, 2554, 2406, 2570, 2529, 2423, 2432, 2337, 2336, 2340, 2414, 2171, 2080, 1961, 1570, 1578, 1362, 1265, 1281, 1233, 1239, 1016, 733, 517, 387, 254, 204, 39, -139, -293, -450, -599, -685, -842, -1163, -1199, -1378, -1577, -1646, -1747, -1802, -1819, -1964, -2188, -2454, -2708, -2859, -2906, -2878, -2819, -2807, -2916, -3096, -3351, -3587, -3679, -3667, -3685, -3585, -3565, -3595, -3642, -3827, -3864, -3949, -4046, -4074, -3952, -3951, -3975, -3969, -4023, -4083, -4178, -4247, -4199, -4085, -3956, -3821, -3695, -3703, -3699, -3740, -3716, -3694, -3556, -3349, -3111, -2908, -2720, -2516, -2531, -2481, -2430, -2175, -1819, -1443, -1123, -969, -730, -526, -495, -313, -94, ;


Frequency: 127, Amplitude pozitiv: 1804, Amplitude negativ: 2357, .-<<||||   31, 317, 469, 629, 823, 917, 1068, 1079, 1269, 1380, 1415, 1580, 1680, 1731, 1796, 1883, 1940, 2024, 1997, 2230, 2283, 2202, 2401, 2317, 2557, 2606, 2416, 2517, 2486, 2525, 2550, 2657, 2782, 2860, 2997, 2875, 2729, 2677, 2668, 2859, 2890, 2837, 2721, 2583, 2544, 2563, 2492, 2423, 2562, 2515, 2644, 2412, 2356, 2269, 2308, 2213, 2062, 2114, 2111, 2228, 2119, 2234, 2272, 2241, 2091, 2018, 2029, 2072, 2106, 2095, 1984, 2172, 2138, 2004, 2047, 2035, 1728, 1751, 1567, 1448, 1531, 1614, 1693, 1619, 1487, 1160, 1114, 954, 886, 893, 871, 924, 1003, 947, 752, 604, 472, 265, 361, 306, 387, 341, 166, 49, -150, -147, -535, -482, -586, -636, -761, -940, -957, -1107, -1114, -1394, -1486, -1682, -1814, -1910, -2124, -2226, -2405, -2414, -2655, -2923, -3048, -3198, -3302, -3530, -3474, -3332, -3292, -3307, -3594, -3831, -4039, -3997, -3967, -3823, -3772, -3749, -3615, -3607, -3683, -3565, -3452, -3568, -3567, -3545, -3394, -3247, -2971, -2958, -2842, -2658, -2795, -2734, -2585, -2406, -2282, -2161, -1868, -1797, -1547, -1291, -1213, -1165, -1396, -1386, -1061, -503, -99, ;


Frequency: 120, Amplitude pozitiv: 1572, Amplitude negativ: 1538, .-<<||||   69, 138, 173, 121, 102, 295, 491, 633, 793, 984, 1015, 1170, 1082, 1262, 1233, 1270, 1354, 1329, 1489, 1503, 1852, 1932, 2005, 2083, 2098, 2108, 2256, 2207, 2338, 2475, 2628, 2811, 2804, 2664, 2574, 2508, 2515, 2664, 2829, 2911, 2959, 2918, 2820, 2776, 2688, 2695, 2708, 2763, 2612, 2588, 2564, 2571, 2460, 2340, 2254, 2267, 2154, 2256, 2151, 1975, 2023, 1859, 1844, 1742, 1709, 1573, 1620, 1639, 1665, 1608, 1478, 1448, 1333, 1271, 1258, 1361, 1402, 1351, 1180, 1072, 959, 797, 708, 658, 708, 870, 876, 671, 468, 276, 47, 75, 149, 286, 308, 249, 228, 89, -24, -313, -561, -541, -642, -726, -549, -520, -641, -814, -962, -1143, -1251, -1184, -1296, -1385, -1493, -1526, -1485, -1461, -1588, -1764, -1853, -2060, -2141, -2121, -2124, -2078, -2066, -2194, -2330, -2359, -2427, -2471, -2417, -2387, -2442, -2519, -2686, -2489, -2476, -2358, -2393, -2478, -2418, -2467, -2411, -2177, -2134, -2224, -2278, -2332, -2161, -2248, -2205, -2068, -2117, -2156, -1991, -1880, -1697, -1623, -1624, -1655, -1647, -1532, -1396, -1287, -1210, -1161, -1054, -1085, -1021, -832, -787, -725, -709, -552, -369, -232, -61, -88, -115, -179, -119, ;


Frequency: 247, Amplitude pozitiv: 1228, Amplitude negativ: 1296, .-<<||||   127, 249, 405, 443, 428, 408, 539, 731, 776, 836, 883, 846, 1001, 817, 991, 1, 1, 1658, 2415, 2433, 798, 1458, 1306, 1, 83, 1378, 2987, 3115, 2056, 1603, 1258, 1586, 417, 837, 2607, 3125, 3331, 2468, 1790, 1881, 1821, 1650, 1857, 2209, 2567, 2846, 2622, 2229, 1744, 1615, 1613, 1941, 2149, 2267, 2076, 1780, 1741, 1665, 1017, 789, 1068, 1566, 1339, 611, 548, 1217, 1578, 1070, 732, 437, 1, 1, 353, 1258, 1329, 693, 512, 1, 1, 1, 1, 511, 849, 927, 486, 299, -978, -2202, -709, ;


Frequency: 5512, Amplitude pozitiv: 414, Amplitude negativ: 41, .-<<||||   172, 656, -15, -68, ;


Frequency: 272, Amplitude pozitiv: 31, Amplitude negativ: 1547, .-<<||||   31, -1040, -1761, -1570, -601, -151, -263, -712, -1387, -922, -1635, -2296, -2023, -1979, -1772, -1431, -1638, -1654, -1392, -2282, -2901, -2900, -2813, -2194, -2167, -2030, -1704, -1811, -2303, -2585, -2669, -2519, -2383, -2342, -2118, -1817, -1883, -2476, -2450, -2406, -2183, -1971, -2050, -1948, -1938, -1895, -1987, -1755, -1761, -2197, -2119, -1755, -1282, -1414, -1539, -1408, -1598, -1765, -1952, -1549, -1111, -1067, -1181, -1299, -1042, -712, -715, -988, -1082, -1099, -875, -689, -533, -248, -118, -81, -342, -509, -450, -422, -215, ;


Frequency: 136, Amplitude pozitiv: 1088, Amplitude negativ: 1328, .-<<||||   63, 279, 310, 203, 242, 164, 1, 1, 228, 798, 695, 554, 398, 491, 123, 86, 706, 1165, 1503, 1232, 500, 443, 536, 690, 910, 1218, 1506, 1573, 1349, 1371, 1622, 1126, 1016, 1246, 1841, 2004, 1795, 1887, 1818, 1755, 1477, 1382, 1837, 2228, 2073, 1612, 1578, 2287, 2330, 1584, 1373, 1964, 2034, 1365, 1170, 1581, 1809, 1902, 1579, 1375, 1649, 1558, 1305, 884, 1210, 1752, 1386, 1214, 1174, 997, 848, 666, 555, 987, 1248, 827, 274, 370, 916, 996, 281, 1, 414, 733, 304, -38, -118, -96, -458, -702, -384, -89, -344, -654, -943, -1017, -684, -688, -765, -802, -1091, -1038, -836, -1318, -1513, -1443, -1293, -1104, -1048, -928, -1108, -1497, -1922, -1800, -1693, -1451, -1402, -1464, -1715, -1760, -1618, -1767, -2148, -2754, -2393, -1838, -1492, -1830, -1858, -1331, -1893, -2994, -2789, -2000, -1442, -1725, -1924, -1727, -1661, -2117, -2723, -2469, -2087, -1395, -1502, -1633, -1302, -1201, -1465, -1820, -1510, -1213, -1053, -686, -320, -352, -798, -1173, -1031, -520, -206, ;


Frequency: 7350, Amplitude pozitiv: 156, Amplitude negativ: 18, .-<<||||   135, 178, -18, ;


Frequency: 227, Amplitude pozitiv: 977, Amplitude negativ: 184, .-<<||||   132, 511, 474, 359, 185, 331, 932, 836, 548, 394, 878, 1149, 561, 198, 514, 1102, 1202, 944, 702, 736, 818, 482, 309, 621, 1167, 1086, 723, 612, 713, 801, 575, 596, 1179, 1469, 1112, 687, 822, 1170, 1391, 1032, 1049, 1452, 1372, 900, 929, 1542, 1983, 1780, 1516, 1419, 1395, 1227, 968, 1361, 1446, 1410, 1518, 1512, 1348, 1130, 1131, 1178, 1302, 1299, 1345, 1440, 1405, 1053, 710, 1088, 1566, 1516, 1259, 1029, 1116, 1232, 1193, 1259, 1336, 1290, 1134, 739, 615, 1024, 1101, 1182, 836, 640, 671, 377, 343, 554, 819, 671, 71, -274, -94, ;


Frequency: 302, Amplitude pozitiv: 57, Amplitude negativ: 1298, .-<<||||   85, 30, -229, -295, -111, -304, -670, -646, -503, -779, -1027, -989, -931, -998, -1163, -1321, -1201, -960, -1107, -1271, -1513, -1557, -1413, -1462, -1669, -1619, -1672, -1565, -1410, -1631, -2066, -2169, -1870, -1456, -1498, -2261, -2294, -2090, -1926, -2065, -2366, -2196, -1904, -1918, -2345, -2516, -2251, -2054, -2131, -2131, -1735, -1516, -1634, -1877, -1885, -1498, -1136, -1190, -1254, -1097, -943, -832, -764, -661, -624, -692, -567, -326, -103, -1, -8, -190, -143, ;


Frequency: 179, Amplitude pozitiv: 1302, Amplitude negativ: 639, .-<<||||   126, 566, 617, 575, 473, 461, 815, 966, 990, 886, 750, 887, 1222, 1634, 1645, 1453, 1185, 1238, 1429, 1602, 1936, 1937, 1807, 1825, 1709, 1744, 1951, 2006, 2267, 2265, 2117, 1898, 1943, 2128, 2131, 2117, 2057, 2062, 1999, 1973, 1874, 1887, 1728, 1642, 1742, 1789, 1707, 1535, 1465, 1390, 1484, 1395, 1268, 1019, 1058, 1075, 1018, 1027, 814, 939, 705, 534, 485, 310, 314, 370, 300, 369, 416, 140, -207, -368, -303, -154, -57, -371, -392, -337, -411, -550, -624, -507, -505, -497, -528, -599, -797, -936, -936, -744, -739, -757, -870, -966, -929, -1092, -1045, -930, -851, -884, -890, -732, -802, -920, -921, -896, -916, -835, -783, -847, -784, -725, -678, -666, -720, -667, -654, -626, -395, -324, -162, -25, -40, ;


Frequency: 290, Amplitude pozitiv: 2085, Amplitude negativ: 3059, .-<<||||   72, 61, 312, 474, 416, 499, 633, 866, 893, 937, 1284, 1438, 1357, 1267, 1331, 1487, 1821, 2062, 2175, 2177, 2264, 2434, 2401, 2387, 2547, 2944, 3241, 3475, 3637, 3531, 3453, 3406, 3348, 3529, 3888, 3996, 3893, 3650, 2148, 912, 544, 1479, 3151, 3943, 3367, 795, -2078, -3200, -2834, -1499, -105, -1, -1192, -2863, -3932, -5107, -5230, -4984, -4593, -4027, -3534, -3286, -3855, -4445, -4664, -5056, -5173, -4919, -4005, -2585, -1255, -721, -1264, -2011, -2120, -1240, ;


Frequency: 441, Amplitude pozitiv: 2073, Amplitude negativ: 1872, .-<<||||   21, 1362, 1766, 1464, 1500, 1727, 1960, 2206, 2663, 3325, 3859, 3867, 3629, 3187, 2556, 2431, 2866, 3305, 3641, 3685, 3433, 2685, 1456, 2, 1, 1, 502, 1394, 1260, 449, -987, -2586, -3328, -3309, -2737, -1949, -1672, -1615, -2055, -2321, -2773, -3030, -2759, -2296, -1656, -1116, -662, -325, -194, -74, ;


Frequency: 272, Amplitude pozitiv: 2244, Amplitude negativ: 4507, .-<<||||   73, 333, 583, 1056, 1589, 1938, 2220, 2122, 2429, 2929, 3264, 3427, 3305, 3002, 2423, 2174, 2270, 2492, 2872, 3171, 3125, 2594, 2135, 1497, 1115, 1161, 1179, 1369, 1550, 2319, 2442, 2477, 2158, 1548, 1611, 1600, 2413, 2981, 3564, 4444, 4563, 4699, 2898, 1, 1, 1, 2453, 6569, 8498, 5648, 1, 1, 1, 1, 146, 3206, 2300, -1789, -5536, -7598, -8058, -7592, -6582, -5729, -4720, -3526, -4139, -5860, -6913, -7246, -6830, -6169, -5155, -4360, -3285, -1675, -637, -723, -1694, -1821, -537, ;


Frequency: 441, Amplitude pozitiv: 4079, Amplitude negativ: 2801, .-<<||||   2055, 4377, 4689, 3779, 2630, 2130, 2576, 3874, 5904, 7735, 8636, 7916, 5664, 2882, 1507, 2482, 4527, 5912, 5836, 4898, 3595, 2490, 1615, 208, -1072, -1885, -1650, -570, -1, -59, -1386, -2829, -3753, -4029, -4239, -4743, -5447, -5816, -5187, -3666, -2521, -1840, -2107, -3059, -4218, -4515, -3984, -2831, -1316, -111, ;


Frequency: 551, Amplitude pozitiv: 989, Amplitude negativ: 1864, .-<<||||   655, 1067, 998, 388, 1, 1, 158, 1143, 2016, 2279, 1949, 1502, 706, -76, -402, -411, -500, -644, -603, -785, -1338, -2183, -2825, -3285, -3078, -2728, -2778, -3076, -3373, -3864, -4170, -4043, -3202, -2216, -1269, -750, -721, -875, -926, -220, ;


Frequency: 441, Amplitude pozitiv: 6057, Amplitude negativ: 6447, .-<<||||   888, 2308, 3486, 4347, 5116, 5444, 6038, 6673, 7417, 8303, 8973, 10014, 10756, 11479, 11538, 10354, 8085, 4433, 3637, 5892, 10060, 13388, 12307, 7355, 1, 1, 1, 1, 3312, 4518, 1652, -3963, -7937, -9180, -9237, -8596, -8354, -7582, -6649, -5333, -5309, -7225, -8644, -8844, -7950, -6326, -4514, -3441, -2611, -805, ;


Frequency: 400, Amplitude pozitiv: 4741, Amplitude negativ: 4602, .-<<||||   751, 1344, 1214, 1056, 2463, 4900, 7663, 8488, 7169, 5394, 4029, 4401, 6350, 9382, 11759, 12030, 9933, 5764, 1982, 698, 1835, 4087, 5193, 4876, 3435, 1607, 228, -1476, -3609, -5924, -6907, -6163, -4516, -3362, -3963, -5449, -7388, -8579, -8743, -8392, -7642, -7134, -6568, -6167, -5713, -5226, -4571, -3643, -2582, -1490, -867, -688, -879, -865, -361, ;


Frequency: 551, Amplitude pozitiv: 2915, Amplitude negativ: 3760, .-<<||||   993, 2433, 3616, 4530, 4804, 4590, 3881, 3224, 2765, 2619, 2613, 2416, 2577, 2749, 2645, 2115, 985, -368, -1882, -2766, -3509, -4091, -4317, -4485, -4461, -4358, -4292, -4675, -5353, -6191, -6710, -6701, -6160, -5066, -3916, -2605, -1836, -1463, -880, -417, ;


Frequency: 432, Amplitude pozitiv: 8220, Amplitude negativ: 7097, .-<<||||   306, 1081, 2207, 3127, 4068, 5431, 6952, 8206, 9415, 10114, 10386, 10588, 11014, 11430, 12127, 12815, 13718, 13777, 12491, 9343, 4406, 3290, 5465, 10707, 13586, 11368, 4548, -4731, -9681, -8341, -3410, -1, -1, -2490, -8179, -11824, -12938, -13095, -12316, -11605, -9976, -8099, -6599, -6629, -8100, -9007, -8610, -6885, -4671, -2663, -496, ;


Frequency: 441, Amplitude pozitiv: 7148, Amplitude negativ: 5863, .-<<||||   1306, 3396, 4755, 4899, 4962, 5905, 8424, 11326, 13333, 13469, 11603, 9691, 8321, 8193, 9344, 11940, 14099, 14368, 11975, 7471, 2942, 677, 1296, 2898, 3367, 2392, 665, -678, -1799, -3085, -5595, -9943, -11376, -9824, -7288, -6211, -6136, -7422, -9537, -10224, -8754, -7625, -7040, -6603, -5339, -4660, -3301, -1549, -851, -22, ;


Frequency: 501, Amplitude pozitiv: 4550, Amplitude negativ: 6875, .-<<||||   1125, 2722, 4242, 5497, 5562, 4635, 4046, 4414, 4915, 5887, 6941, 7451, 6695, 5652, 4292, 2473, 811, -351, -1288, -1817, -2399, -3111, -3768, -5317, -7265, -9219, -10400, -10405, -10425, -11110, -11559, -11595, -11282, -10606, -9901, -9660, -9265, -8550, -7335, -6095, -5232, -3844, -2541, -1288, ;


Frequency: 432, Amplitude pozitiv: 8127, Amplitude negativ: 9513, .-<<||||   175, 1882, 3837, 5635, 7007, 8013, 8288, 8681, 9264, 10368, 11797, 12658, 13310, 13375, 13570, 13494, 13351, 13398, 13268, 13044, 12511, 10137, 6941, 2746, 1, 115, 2670, 6224, 5953, 2097, -5376, -12466, -15034, -13116, -9267, -7066, -7708, -10394, -13561, -14708, -14915, -14233, -13111, -11691, -9706, -7429, -5216, -4269, -4156, -3816, -2549, ;


Frequency: 450, Amplitude pozitiv: 9413, Amplitude negativ: 6494, .-<<||||   2, 2841, 5098, 6900, 7997, 8754, 9782, 11133, 12321, 13754, 15245, 16098, 15937, 14751, 13031, 10727, 8875, 7956, 8332, 10042, 10959, 9600, 5454, 332, -3173, -4182, -3333, -3096, -4284, -6520, -8158, -8062, -8002, -8434, -10328, -12168, -12833, -11717, -9794, -8762, -8352, -8265, -7529, -5688, -3447, -2041, -1636, -1538, -1015, ;


Frequency: 490, Amplitude pozitiv: 5938, Amplitude negativ: 7163, .-<<||||   309, 2622, 4972, 6802, 7795, 8314, 8559, 8855, 8975, 8269, 7286, 6762, 6698, 6851, 6817, 5849, 4181, 2176, 741, -254, -1135, -2536, -4703, -7187, -8946, -9660, -9876, -10010, -10641, -11017, -11001, -11010, -11103, -11482, -11904, -11824, -11109, -9266, -7120, -4996, -3527, -2648, -1833, -1218, -246, ;


Frequency: 450, Amplitude pozitiv: 5991, Amplitude negativ: 9666, .-<<||||   1044, 2811, 4285, 5713, 6746, 7382, 8259, 8821, 9565, 10316, 10607, 11074, 10613, 9895, 8664, 7987, 7955, 8181, 9932, 10179, 9157, 7572, 6423, 5996, 3219, 709, 1, 1, 1, 1, 993, 3085, 520, -6667, -15571, -18818, -16497, -10663, -6250, -5615, -7849, -11379, -11891, -10986, -10195, -8955, -7310, -4705, -1319, ;


Frequency: 459, Amplitude pozitiv: 7700, Amplitude negativ: 6131, .-<<||||   1960, 2680, 1455, 365, 1135, 4256, 8165, 11067, 11911, 11713, 11382, 10913, 11485, 12634, 13796, 14687, 14840, 14500, 12904, 10843, 7947, 4946, 2662, 1495, 2903, 4868, 5450, 2664, -2237, -7323, -10177, -9525, -7264, -5935, -6443, -7727, -8553, -8758, -8566, -8440, -8309, -7580, -5960, -3592, -2101, -1665, -1448, -1027, ;


Frequency: 490, Amplitude pozitiv: 6361, Amplitude negativ: 6523, .-<<||||   527, 3139, 5368, 6510, 6541, 6234, 6046, 6950, 8484, 9693, 9952, 9569, 8890, 8447, 7920, 7063, 5440, 3037, 1051, -60, -122, -288, -1078, -2940, -5152, -7007, -8051, -8729, -9365, -10352, -11260, -11902, -11841, -11338, -10790, -10116, -9286, -7996, -6882, -5818, -5039, -4758, -4291, -3385, -1756, ;


Frequency: 386, Amplitude pozitiv: 3199, Amplitude negativ: 4334, .-<<||||   338, 2211, 3641, 4296, 4230, 4030, 4301, 4966, 5824, 6380, 6321, 5708, 5359, 5460, 5554, 5640, 5006, 4106, 3164, 2229, 1528, 868, 757, 668, 1148, 1917, 2336, 2018, 1456, 1560, 2128, 3013, 3856, 2939, 55, 1, 1, 1, 298, 6370, 8175, 4524, -3473, -10279, -10962, -6390, -485, -1, -1, -3660, -6361, -5904, -4243, -3564, -4138, -3950, -1604, ;


Frequency: 490, Amplitude pozitiv: 4748, Amplitude negativ: 4794, .-<<||||   2349, 5381, 4417, 1081, 1, 1, 2395, 6816, 9116, 8377, 6125, 4844, 5311, 7164, 8795, 9520, 9443, 8452, 7625, 6893, 6065, 4237, 1492, 1, 1, 85, 3316, 5118, 3293, -1731, -7042, -9680, -8296, -5329, -3078, -2990, -4849, -5686, -4675, -3055, -3335, -4805, -5547, -4769, -1848, ;


Frequency: 441, Amplitude pozitiv: 3644, Amplitude negativ: 3741, .-<<||||   1390, 2889, 1839, 31, 1, 967, 3612, 5729, 5996, 5004, 4012, 3984, 4796, 6089, 6167, 5171, 4179, 3978, 4222, 4388, 3813, 1922, -594, -2802, -3282, -2573, -1605, -1587, -2505, -4365, -5666, -6005, -5847, -5987, -7136, -8496, -8936, -7432, -4702, -3010, -2736, -3508, -4071, -3370, -2203, -1183, -1541, -2014, -1548, -51, ;


Frequency: 380, Amplitude pozitiv: 2307, Amplitude negativ: 5325, .-<<||||   1886, 3126, 3055, 1854, 776, 503, 1166, 2017, 2314, 1540, 358, 1, 440, 1692, 2197, 1406, 1, 1, 1, 1, 295, 368, 42, 1, 552, 1946, 3129, 3741, 4170, 4610, 5263, 5978, 7186, 6955, 4554, 448, 1, 1, 1128, 6643, 9165, 6392, -846, -8095, -10204, -7411, -2963, -807, -2539, -6288, -8876, -8438, -6691, -5640, -6124, -6192, -4042, -48, ;


Frequency: 501, Amplitude pozitiv: 5276, Amplitude negativ: 6356, .-<<||||   3453, 3891, 1634, 1, 1, 675, 5139, 8732, 10175, 9792, 8869, 8101, 8124, 8935, 10208, 11146, 10993, 10205, 8676, 6961, 4926, 2389, 173, 1, 1, 1147, 2416, 984, -3575, -8485, -11168, -10661, -8121, -5776, -5101, -5921, -6841, -6956, -6249, -5658, -5868, -5823, -4453, -1054, ;


Frequency: 432, Amplitude pozitiv: 4503, Amplitude negativ: 4041, .-<<||||   2542, 4041, 3245, 1417, 389, 1562, 4408, 7251, 8333, 7546, 6371, 5554, 5559, 6001, 5780, 4990, 4339, 4330, 4806, 4951, 4076, 1588, -1329, -3634, -4390, -4111, -3295, -3016, -3631, -4693, -5831, -6660, -7118, -7574, -8009, -7898, -7487, -6150, -4729, -3785, -3992, -4705, -5245, -4346, -2189, -375, -1, -227, -1151, -1289, -355, ;


Frequency: 1050, Amplitude pozitiv: 853, Amplitude negativ: 502, .-<<||||   720, 1560, 1688, 1254, 582, 330, 369, 325, -34, -388, -734, -505, -252, -104, -246, -676, -949, -1050, -903, -577, -119, ;


Frequency: 612, Amplitude pozitiv: 4467, Amplitude negativ: 6307, .-<<||||   25, 130, 477, 1682, 2969, 4668, 6042, 6948, 7225, 7100, 7569, 8010, 7103, 4577, 482, 1, 1, 4230, 9293, 10119, 5160, -3483, -9706, -10159, -6616, -2693, -2027, -5237, -8873, -10167, -8494, -6374, -5751, -5982, -5644, -3400, ;


Frequency: 512, Amplitude pozitiv: 5882, Amplitude negativ: 5187, .-<<||||   455, 2892, 2596, 285, 1, 1, 2356, 6998, 10291, 11129, 10080, 8206, 7105, 7375, 9101, 11025, 11688, 10745, 8375, 6296, 4805, 2967, 532, -2078, -3150, -1886, -1, -1, -2202, -6960, -10954, -11982, -9918, -6994, -5262, -5281, -6403, -6996, -6643, -5612, -4812, -4130, -2477, ;


Frequency: 306, Amplitude pozitiv: 4661, Amplitude negativ: 1988, .-<<||||   163, 3148, 5426, 5902, 4383, 2321, 1841, 3474, 6588, 9115, 9567, 8204, 6059, 4697, 4747, 5739, 6106, 5531, 4192, 3164, 2720, 2463, 1657, -98, -2217, -3416, -3077, -2222, -1634, -2158, -3673, -5304, -6045, -5411, -4399, -4047, -4579, -5541, -6043, -5435, -4166, -3061, -2531, -2552, -2285, -1495, -656, -299, -1002, -1572, -1524, -1831, -1, -1, -1, -1, -940, -652, -725, -598, -1, -1, -1018, -1447, -1005, -485, -1, -1, -535, -977, -523, -254, ;


Frequency: 580, Amplitude pozitiv: 4158, Amplitude negativ: 6668, .-<<||||   1125, 1602, 1615, 1271, 1442, 3266, 5361, 6908, 7212, 6678, 6496, 6535, 7912, 7930, 6058, 2054, 1, 1, 1, 4777, 8022, 5210, -1929, -10007, -13515, -10337, -5336, -3411, -5331, -9512, -12008, -10377, -6678, -4351, -4579, -5156, -3992, -173, ;


Frequency: 565, Amplitude pozitiv: 7308, Amplitude negativ: 5263, .-<<||||   4619, 6803, 5084, 2076, 904, 2857, 7289, 11305, 12838, 12548, 10808, 9090, 8579, 9125, 9981, 10356, 9658, 8079, 5820, 3888, 1776, -1225, -4492, -6838, -6058, -3413, -1048, -1161, -4945, -10013, -13151, -11853, -8036, -4716, -3466, -4240, -4779, -3761, -1549, ;


Frequency: 297, Amplitude pozitiv: 4078, Amplitude negativ: 2552, .-<<||||   97, 761, 882, 2208, 4307, 6223, 7555, 7239, 5927, 5105, 5646, 6546, 7184, 7407, 7139, 5998, 5149, 4580, 3751, 2962, 2459, 1750, 1356, 1453, 1494, 866, -680, -1889, -3069, -3612, -3226, -2674, -2408, -2784, -3422, -3644, -4125, -4348, -5015, -5571, -5593, -5050, -3956, -3104, -2905, -3454, -4019, -4211, -3663, -3122, -2759, -2272, -2109, -2173, -1937, -2106, -2196, -2141, -1898, -1551, -1261, -1089, -1089, -1300, -1827, -2195, -2344, -1724, -988, -564, -482, -538, -362, -92, ;


Frequency: 537, Amplitude pozitiv: 4012, Amplitude negativ: 6832, .-<<||||   515, 1026, 1127, 709, 684, 1187, 2354, 3980, 5148, 5895, 6254, 6595, 7449, 7961, 8591, 8686, 9010, 8238, 4983, 723, 1, 1, 1, 4332, 6176, 2690, -4633, -10835, -12437, -10418, -6886, -5299, -6911, -9126, -9627, -7539, -5064, -3562, -3620, -4207, -2326, ;


Frequency: 565, Amplitude pozitiv: 6209, Amplitude negativ: 6360, .-<<||||   2074, 5876, 7233, 6089, 3871, 2796, 4727, 8437, 11231, 12026, 10936, 8584, 6813, 6313, 7060, 7841, 7675, 5792, 3462, 1527, 46, -1766, -5090, -8410, -10151, -8832, -5418, -2899, -3776, -7922, -11638, -12377, -10089, -6646, -4522, -4258, -4668, -4041, -1991, ;


Frequency: 297, Amplitude pozitiv: 4324, Amplitude negativ: 2043, .-<<||||   292, 1792, 2417, 3076, 4468, 6593, 8104, 7720, 6113, 4397, 4188, 5690, 7340, 7977, 6788, 4705, 3084, 2430, 2555, 2742, 1993, 673, -395, -946, -973, -913, -1270, -2678, -4232, -4737, -4338, -3582, -3223, -3716, -4662, -5460, -5185, -4164, -3521, -3833, -4684, -5346, -5097, -3840, -2599, -2022, -1972, -2298, -2276, -1834, -1314, -960, -1007, -980, -879, -545, -99, -1, -188, -835, -1461, -1494, -963, -460, -226, -505, -1218, -1450, -838, -286, -1, -191, -360, -226, ;


Frequency: 565, Amplitude pozitiv: 3609, Amplitude negativ: 5948, .-<<||||   326, 1141, 1125, 1120, 1361, 2233, 3733, 5073, 5894, 6211, 5760, 5756, 6619, 7514, 8395, 7822, 5834, 1341, 1, 1, 1, 2678, 4460, 2225, -3414, -8887, -10361, -8216, -5534, -4592, -6208, -8909, -9629, -7434, -4757, -3141, -3266, -3285, -1595, ;


Frequency: 580, Amplitude pozitiv: 6039, Amplitude negativ: 4821, .-<<||||   2397, 6404, 8096, 6962, 4794, 3833, 4668, 7287, 9389, 10062, 9636, 8459, 7158, 6404, 6238, 6255, 6116, 5560, 4338, 2358, 409, -2102, -4973, -7749, -8984, -7747, -4969, -2447, -2404, -4842, -7567, -8650, -7350, -4700, -2691, -1891, -1843, -1057, ;


Frequency: 294, Amplitude pozitiv: 3485, Amplitude negativ: 2178, .-<<||||   918, 2398, 3072, 2932, 2600, 3836, 6250, 8305, 8708, 6753, 4349, 2709, 2972, 4700, 5714, 5226, 3368, 1434, 187, 558, 1469, 1435, 284, -918, -1324, -1124, -508, -391, -1620, -3369, -4184, -3832, -2756, -1588, -1582, -2874, -4164, -4544, -3874, -2789, -2275, -3044, -4417, -5283, -5301, -4420, -3483, -3003, -3024, -3193, -2645, -1949, -1580, -1502, -1708, -2008, -1968, -1382, -1034, -1205, -1684, -2081, -1776, -985, -283, -1, -514, -1430, -1991, -2017, -1429, -1002, -798, -790, -634, ;


Frequency: 525, Amplitude pozitiv: 3857, Amplitude negativ: 5678, .-<<||||   217, 642, 569, 307, 1, 583, 1871, 3381, 4348, 4996, 5402, 5974, 6600, 7190, 7859, 7943, 8637, 9419, 9129, 6466, 1734, 1, 1, 1, 3181, 5213, 2500, -4140, -10023, -11980, -9936, -6220, -3558, -4312, -6985, -8415, -7465, -5098, -3066, -2064, -1635, -278, ;


Frequency: 565, Amplitude pozitiv: 6167, Amplitude negativ: 4212, .-<<||||   3231, 6986, 8366, 7334, 5164, 3721, 4425, 7416, 10471, 11134, 9637, 7067, 5114, 4825, 6107, 7181, 6645, 4928, 2757, 831, -673, -2551, -5196, -7924, -8996, -7551, -4469, -2025, -2116, -4575, -7220, -8157, -6673, -3889, -1864, -1667, -2082, -1968, -445, ;


Frequency: 297, Amplitude pozitiv: 4132, Amplitude negativ: 1916, .-<<||||   1966, 3991, 5001, 4991, 5109, 5644, 6687, 6941, 5569, 3378, 2030, 2138, 3220, 4092, 3570, 1790, -141, -679, -388, -1, -1, -499, -1568, -2583, -2328, -1635, -1631, -2293, -3072, -3458, -3206, -2394, -1862, -2187, -3220, -3640, -3207, -2560, -1943, -2349, -3570, -4746, -4761, -3858, -2607, -1585, -1320, -1518, -1711, -1412, -1116, -980, -1036, -1342, -1593, -1516, -1200, -1072, -1454, -2287, -2675, -2290, -1391, -727, -701, -1534, -2436, -2885, -2804, -2104, -1643, -1328, -853, -239, ;


Frequency: 537, Amplitude pozitiv: 4341, Amplitude negativ: 5948, .-<<||||   191, 491, 516, 658, 1486, 2803, 4499, 5576, 5958, 6677, 6838, 6951, 7208, 7447, 8208, 9015, 10212, 10272, 7216, 1638, 1, 1, 1, 2741, 4855, 1431, -5740, -11707, -12947, -9734, -4976, -2608, -4547, -7827, -9032, -7353, -4636, -2571, -2302, -2504, -745, ;


Frequency: 648, Amplitude pozitiv: 6339, Amplitude negativ: 4025, .-<<||||   3699, 8247, 10019, 8653, 5606, 3593, 4386, 7492, 10314, 10690, 8735, 5919, 4415, 5019, 6613, 7712, 7393, 5152, 2531, 602, -684, -2402, -4989, -7552, -8381, -6746, -3306, -236, -140, -2797, -5847, -6798, -4902, -1578, ;


Frequency: 5512, Amplitude pozitiv: 670, Amplitude negativ: 346, .-<<||||   579, 762, -160, -533, ;


Frequency: 282, Amplitude pozitiv: 3289, Amplitude negativ: 2012, .-<<||||   722, 2936, 4759, 4992, 4259, 4355, 5441, 6692, 7041, 5507, 2751, 530, 395, 1188, 1949, 1815, 592, -741, -1086, -303, -1, -1, -61, -885, -1581, -1176, -480, -99, -572, -1641, -2503, -2876, -2097, -899, -500, -833, -1385, -2015, -2393, -2603, -3033, -4077, -4978, -5364, -4630, -3295, -2442, -2476, -3204, -3929, -3944, -2846, -1669, -1435, -2244, -3162, -3638, -3388, -2840, -2308, -2219, -2459, -2619, -2347, -1967, -1714, -1866, -2406, -2857, -2648, -2057, -1143, -471, -705, -1217, -1382, -1024, -15, ;


Frequency: 580, Amplitude pozitiv: 6156, Amplitude negativ: 4013, .-<<||||   1408, 2527, 3073, 3540, 3990, 4735, 5770, 6355, 6534, 6363, 6403, 7321, 8944, 10299, 10851, 10285, 8143, 4273, -117, -2705, -2414, -160, -1, -1, -2311, -7838, -11021, -10457, -6961, -3282, -1949, -3884, -6681, -7549, -6186, -4046, -2040, -663, ;


Frequency: 612, Amplitude pozitiv: 5919, Amplitude negativ: 4088, .-<<||||   629, 3360, 6818, 9079, 9082, 7416, 5570, 5145, 6582, 8967, 10182, 9175, 6770, 4361, 3566, 4471, 5993, 6563, 5723, 3564, 1300, -419, -2072, -4190, -6691, -8190, -7690, -5270, -2601, -1531, -2901, -5281, -6285, -5216, -2668, -326, ;


Frequency: 5512, Amplitude pozitiv: 517, Amplitude negativ: 506, .-<<||||   783, 252, -624, -389, ;


Frequency: 294, Amplitude pozitiv: 3218, Amplitude negativ: 1612, .-<<||||   924, 2751, 4379, 5466, 5730, 5848, 5851, 5363, 4046, 2524, 1572, 1288, 1711, 1918, 1670, 460, -974, -1851, -2189, -1676, -656, -61, -261, -658, -891, -873, -812, -796, -1004, -1290, -1327, -1047, -853, -607, -754, -1132, -1229, -936, -612, -804, -1721, -2885, -3696, -3684, -2965, -2323, -1978, -1910, -1964, -2093, -1876, -1775, -1680, -1960, -2362, -2510, -2332, -2021, -2256, -2724, -3190, -3300, -2758, -2095, -1762, -1735, -2194, -2344, -2247, -1713, -926, -489, -225, -169, -2, ;


Frequency: 580, Amplitude pozitiv: 4098, Amplitude negativ: 5303, .-<<||||   264, 926, 1855, 2965, 4243, 5387, 6087, 6359, 6245, 6149, 6138, 6455, 7233, 8273, 9091, 8373, 5864, 1821, 1, 1, 1, 1106, 2731, 797, -4226, -9242, -11289, -9392, -5500, -2381, -2079, -4263, -6363, -6772, -5366, -3772, -2465, -1136, ;


Frequency: 630, Amplitude pozitiv: 5626, Amplitude negativ: 2965, .-<<||||   676, 3684, 6765, 8499, 8251, 7063, 5777, 5643, 6951, 8469, 9069, 8143, 6314, 4517, 3698, 4220, 5343, 6322, 6299, 4901, 2784, 392, -2247, -4472, -6258, -6886, -5607, -3238, -805, -1, -858, -2589, -3326, -2248, -19, ;


Frequency: 1297, Amplitude pozitiv: 3142, Amplitude negativ: 129, .-<<||||   2102, 2950, 2560, 1415, 1303, 2143, 3097, 3579, 3669, 3981, 4535, 5296, 5271, 3778, 1455, 0, -259, ;


Frequency: 339, Amplitude pozitiv: 378, Amplitude negativ: 2184, .-<<||||   346, 1198, 1087, 1, 1, 1, 1, 1, 1098, 1252, 582, 1, 1, 108, 372, 10, -639, -1343, -1495, -1325, -1126, -790, -757, -831, -853, -608, -807, -1525, -2661, -4035, -5157, -5334, -4388, -3109, -2340, -2308, -3128, -3827, -3951, -3243, -2289, -2057, -2145, -2478, -2667, -2625, -2551, -2597, -2856, -3035, -2804, -2085, -1458, -1477, -1906, -2652, -3168, -2661, -1675, -1045, -795, -1216, -1452, -1394, -389, ;


Frequency: 580, Amplitude pozitiv: 5851, Amplitude negativ: 3894, .-<<||||   1150, 2760, 3809, 4178, 4775, 5141, 5804, 6428, 6811, 6803, 6950, 7662, 8556, 9465, 9862, 8754, 5334, 1083, -1975, -2421, -607, -1, -1, -1389, -6422, -9858, -10074, -7507, -3966, -2034, -3182, -5734, -6977, -6232, -4478, -2785, -1716, -524, ;


Frequency: 648, Amplitude pozitiv: 5089, Amplitude negativ: 3271, .-<<||||   1745, 4991, 7600, 8131, 6882, 5045, 4284, 5430, 7353, 8958, 8544, 6159, 3635, 2516, 3113, 4561, 5749, 5479, 4111, 2174, 418, -1082, -2757, -4686, -6241, -6371, -4821, -2368, -774, -949, -2857, -4266, -3781, -1579, ;


Frequency: 1225, Amplitude pozitiv: 2253, Amplitude negativ: 19, .-<<||||   1073, 2796, 2580, 860, 1, 1, 793, 2527, 3844, 4288, 4266, 4080, 3686, 2885, 1693, 687, -20, -19, ;


Frequency: 3150, Amplitude pozitiv: 152, Amplitude negativ: 2088, .-<<||||   111, 193, -625, -2018, -2985, -2979, -1833, ;


Frequency: 424, Amplitude pozitiv: 402, Amplitude negativ: 2782, .-<<||||   74, 1460, 1753, 752, 1, 1, 5, 699, 931, 798, 156, 1, 1, 1, 72, 190, 324, 34, -424, -818, -1493, -2798, -4057, -4475, -4189, -3272, -2286, -1979, -2402, -3043, -3610, -3733, -3539, -2872, -2224, -2248, -2714, -3367, -3939, -4040, -3748, -3242, -2755, -2172, -2008, -2239, -2692, -3300, -3334, -2821, -1921, -850, ;


Frequency: 501, Amplitude pozitiv: 4703, Amplitude negativ: 4001, .-<<||||   109, 285, 98, 397, 902, 1696, 2493, 3208, 4242, 5132, 5662, 5873, 6085, 6339, 7018, 7369, 7744, 8024, 8367, 8781, 9074, 8039, 5049, 886, -2489, -3586, -1929, -1, -1, -1428, -6563, -10312, -10707, -7653, -3800, -2080, -3665, -6145, -6908, -5820, -3643, -1708, -987, -607, ;


Frequency: 668, Amplitude pozitiv: 5274, Amplitude negativ: 2034, .-<<||||   1340, 4615, 7587, 8284, 7030, 5408, 4887, 6022, 8132, 9390, 8289, 5616, 3342, 2784, 3792, 5306, 6161, 5857, 4602, 3580, 2588, 1416, -474, -2717, -4320, -4700, -3461, -1109, -1, -145, -1507, -2365, -1585, ;


Frequency: 1160, Amplitude pozitiv: 2152, Amplitude negativ: 492, .-<<||||   752, 3263, 4487, 3521, 1318, 1, 175, 1207, 2254, 2620, 2323, 2325, 2913, 3600, 3334, 2074, 422, -483, -502, ;


Frequency: 3150, Amplitude pozitiv: 21, Amplitude negativ: 1702, .-<<||||   21, -72, -1276, -2741, -3439, -2449, -239, ;


Frequency: 386, Amplitude pozitiv: 1489, Amplitude negativ: 2362, .-<<||||   1658, 2644, 2207, 1250, 749, 1239, 1858, 1829, 1335, 125, -956, -909, -584, -54, -1, -1, -136, -566, -639, -1016, -2250, -3771, -5154, -5723, -5115, -4251, -3539, -3722, -4355, -4928, -4848, -3728, -2466, -2032, -2537, -3439, -4224, -4298, -3751, -3488, -3634, -3789, -3320, -2314, -1419, -1077, -1653, -2588, -3213, -2777, -1378, -1, -1, -1, -510, -743, -123, ;


Frequency: 1002, Amplitude pozitiv: 5526, Amplitude negativ: 1440, .-<<||||   1118, 2409, 3395, 4099, 4533, 4942, 5382, 5836, 6148, 5912, 6431, 7200, 8296, 9185, 9395, 9289, 8116, 5890, 2919, 44, -1638, -1242, ;


Frequency: 1378, Amplitude pozitiv: 726, Amplitude negativ: 4284, .-<<||||   353, 1099, -543, -4469, -8127, -9302, -7197, -3514, -1005, -1461, -4314, -6668, -6784, -4574, -1834, -186, ;


Frequency: 630, Amplitude pozitiv: 4737, Amplitude negativ: 3028, .-<<||||   468, 1299, 3552, 6102, 7568, 7210, 5957, 4829, 5263, 7284, 9083, 8911, 6797, 3805, 1563, 1500, 3250, 5281, 6104, 5634, 4081, 2433, 992, -515, -2485, -4554, -5666, -5110, -3031, -1085, -1053, -2821, -4300, -4020, -1697, ;


Frequency: 882, Amplitude pozitiv: 1576, Amplitude negativ: 1266, .-<<||||   1436, 3498, 2874, 631, 1, 1, 16, 1285, 1993, 1586, 1296, 1745, 2902, 3174, 2073, 708, -499, -802, -181, -1, -677, -2034, -2939, -2959, -1302, ;


Frequency: 386, Amplitude pozitiv: 1313, Amplitude negativ: 2649, .-<<||||   449, 1536, 1769, 1467, 1136, 1359, 1856, 2058, 1401, 102, -930, -1521, -823, -1, -1, -425, -947, -1212, -1273, -1409, -2302, -3925, -5385, -5940, -5358, -4597, -4000, -4263, -5270, -5963, -5357, -3933, -2772, -2781, -3782, -4548, -4921, -4447, -3677, -3050, -3229, -3721, -3867, -3278, -2360, -1976, -2142, -2690, -2767, -1850, -546, -1, -1, -1, -473, -761, -37, ;


Frequency: 580, Amplitude pozitiv: 5244, Amplitude negativ: 3446, .-<<||||   1170, 2475, 3187, 3230, 3453, 4017, 4824, 5560, 6336, 6527, 6655, 7073, 7666, 7906, 7690, 8260, 7697, 6328, 3840, 991, -1263, -1992, -557, -1, -653, -3765, -6992, -8474, -6960, -3735, -1377, -1784, -4252, -6276, -6644, -4627, -2137, -548, ;


Frequency: 525, Amplitude pozitiv: 4727, Amplitude negativ: 1251, .-<<||||   79, 667, 2475, 4984, 7097, 7610, 6430, 5001, 4797, 6202, 7951, 8565, 7155, 4308, 2162, 1758, 3523, 5914, 7099, 6653, 5195, 3732, 2678, 1428, -399, -2627, -4349, -4277, -2432, -254, -1, -884, -2243, -2464, -664, -1, -1, -1, -1, -126, -1085, -718, ;


Frequency: 735, Amplitude pozitiv: 1616, Amplitude negativ: 444, .-<<||||   44, 978, 1585, 1966, 2860, 3656, 3408, 1995, 292, 1, 1, 798, 1893, 1196, 1, 1, 1, 1, 909, 2962, 3774, 3531, 3151, 2871, 2846, 2587, 1661, 296, -508, -381, ;


Frequency: 490, Amplitude pozitiv: 213, Amplitude negativ: 2955, .-<<||||   60, 367, -323, -1484, -2010, -1679, -830, -315, -1214, -3320, -5511, -6414, -6224, -5332, -4682, -4959, -5460, -5340, -4500, -3399, -2886, -3039, -3490, -3809, -3619, -3132, -2755, -3044, -3990, -4698, -4535, -3750, -2809, -2272, -2466, -3057, -3011, -2304, -1215, -327, -81, -721, -1369, -1259, -452, ;


Frequency: 580, Amplitude pozitiv: 5480, Amplitude negativ: 3085, .-<<||||   438, 1483, 2341, 2925, 3760, 4863, 5643, 5764, 5970, 6142, 6646, 7259, 8037, 8478, 8383, 8261, 8169, 8188, 7198, 4123, 1019, -1067, -1393, -40, -1, -181, -3845, -7043, -7496, -5954, -3228, -1109, -2057, -4904, -6246, -4980, -2526, -384, ;


Frequency: 612, Amplitude pozitiv: 5043, Amplitude negativ: 1782, .-<<||||   758, 592, 934, 3013, 5835, 7538, 7381, 6374, 5560, 6280, 8277, 9806, 9385, 6996, 3737, 2084, 3044, 5106, 6941, 7295, 6210, 4539, 3526, 2999, 1865, -4, -2328, -3886, -3822, -2034, -494, -366, -1580, -2691, -2233, -170, ;


Frequency: 1225, Amplitude pozitiv: 1460, Amplitude negativ: 272, .-<<||||   2178, 3293, 2392, 273, 1, 1, 333, 1563, 2218, 2053, 1463, 1492, 2218, 2236, 1333, 323, -218, -326, ;


Frequency: 3150, Amplitude pozitiv: 335, Amplitude negativ: 1609, .-<<||||   188, 482, -301, -1745, -2622, -2265, -1116, ;


Frequency: 432, Amplitude pozitiv: 1691, Amplitude negativ: 3385, .-<<||||   699, 2249, 2395, 1935, 1832, 1871, 2152, 2296, 2029, 1076, 75, -487, -630, -528, -910, -1319, -1610, -1436, -1193, -1439, -2484, -4061, -5224, -5493, -5172, -4654, -4367, -4769, -5443, -5692, -5336, -4609, -3938, -3741, -3850, -4043, -4162, -3940, -3764, -3982, -4654, -5005, -4843, -4273, -3459, -3114, -3275, -3476, -3040, -1734, -276, ;


Frequency: 501, Amplitude pozitiv: 4142, Amplitude negativ: 3158, .-<<||||   608, 827, 203, 1, 1, 268, 1265, 2161, 2576, 2972, 3616, 4392, 5414, 6000, 5913, 6019, 6482, 7028, 7373, 7385, 7066, 6803, 7167, 7044, 6029, 3099, -87, -2302, -2597, -825, -1, -295, -3663, -6891, -7893, -6387, -3791, -1913, -2748, -4931, -5812, -4608, -2058, -42, ;


Frequency: 612, Amplitude pozitiv: 4939, Amplitude negativ: 1332, .-<<||||   590, 169, 534, 2967, 5950, 7910, 7870, 6186, 5196, 5828, 7899, 9497, 8979, 6723, 4052, 2849, 3880, 5725, 6940, 6937, 6029, 4920, 4358, 3820, 2410, 210, -2032, -3214, -2610, -784, -1, -1, -622, -1948, -1852, -264, ;


Frequency: 294, Amplitude pozitiv: 1197, Amplitude negativ: 3679, .-<<||||   1692, 3380, 3340, 2032, 618, 230, 522, 1261, 1935, 1969, 2039, 1901, 1711, 1327, 516, 1, 1, 135, 986, 1167, 41, 1, 1, 1, 1, 507, 1476, 1546, 1726, 1517, 1692, 2106, 2249, 1648, 654, -293, -806, -1429, -1750, -2119, -2572, -2702, -2360, -1928, -2132, -2985, -4000, -4872, -5494, -5537, -5218, -5223, -5619, -5783, -5909, -5673, -5130, -4696, -4553, -4467, -4320, -3946, -3633, -3779, -4195, -4726, -4978, -4696, -4050, -3411, -3287, -3127, -2809, -2156, -834, ;


Frequency: 490, Amplitude pozitiv: 4006, Amplitude negativ: 3225, .-<<||||   197, 703, 676, 284, 69, 493, 1071, 1852, 2494, 2955, 3584, 4253, 4882, 5277, 5421, 5617, 6241, 6804, 7382, 7279, 6920, 6666, 6345, 6536, 6579, 5168, 2432, -331, -2022, -2320, -1005, -1, -484, -3663, -6623, -7712, -7047, -4854, -2760, -2947, -4588, -5154, -3895, -2074, -574, ;


Frequency: 11025, Amplitude pozitiv: 99, Amplitude negativ: 99, .-<<||||   99, -99, ;


Frequency: 648, Amplitude pozitiv: 5031, Amplitude negativ: 1845, .-<<||||   601, 2908, 5879, 7451, 6981, 5411, 4468, 5369, 7370, 8831, 8350, 6166, 3792, 2945, 3727, 5142, 5837, 5569, 4632, 4154, 4074, 3744, 2325, -76, -2195, -3335, -2533, -965, -1, -560, -2237, -3623, -3336, -1438, ;


Frequency: 290, Amplitude pozitiv: 1193, Amplitude negativ: 3583, .-<<||||   743, 2067, 1810, 543, 1, 1, 920, 1740, 1757, 1327, 805, 846, 1462, 1487, 604, 1, 1, 404, 1603, 2119, 1380, 1, 1, 1, 1, 791, 2204, 2586, 2308, 2136, 2562, 3145, 3134, 2535, 1567, 877, 632, 429, 4, -933, -1770, -2009, -1618, -1108, -1034, -1870, -3166, -4442, -4882, -4739, -4298, -4180, -4844, -5418, -5748, -5705, -5429, -4889, -4543, -4368, -4137, -3954, -3631, -3887, -4500, -5149, -5459, -5324, -4492, -3477, -2959, -2797, -2534, -1937, -1212, -133, ;


Frequency: 479, Amplitude pozitiv: 3623, Amplitude negativ: 3025, .-<<||||   675, 826, 632, 619, 877, 1184, 1587, 2000, 2321, 2673, 3451, 4102, 4554, 5171, 5284, 5587, 6073, 6197, 6281, 6029, 5774, 5863, 6335, 5932, 3688, 488, -2061, -2786, -1803, -1, -1, -1929, -6029, -8097, -7903, -5819, -2941, -1921, -3557, -5328, -4967, -3109, -1105, -106, -469, -576, ;


Frequency: 668, Amplitude pozitiv: 5367, Amplitude negativ: 1743, .-<<||||   997, 4266, 7023, 7359, 5872, 4522, 4772, 7050, 9508, 10017, 8352, 5437, 3480, 3496, 5001, 6274, 6492, 5884, 4943, 4985, 5294, 4850, 2845, 97, -1992, -2343, -855, -1, -1, -1200, -3256, -3827, -2215, ;


Frequency: 290, Amplitude pozitiv: 1432, Amplitude negativ: 3748, .-<<||||   379, 2533, 2704, 1317, 1, 1, 986, 2173, 2128, 1185, 212, 163, 1226, 2130, 1853, 600, 1, 363, 1954, 3404, 3150, 1059, 1, 1, 1, 636, 2203, 2614, 1876, 1427, 1998, 2894, 3390, 2862, 1750, 386, -358, -415, -575, -1530, -2470, -2863, -2765, -1752, -1216, -1693, -3193, -4678, -5532, -5429, -4843, -4664, -5076, -5868, -6329, -6310, -6027, -5735, -5179, -5071, -4975, -4523, -4124, -4061, -4289, -4850, -5509, -5424, -4670, -3695, -3015, -2779, -2892, -2657, -1954, -963, ;


Frequency: 469, Amplitude pozitiv: 3241, Amplitude negativ: 2495, .-<<||||   104, 625, 760, 547, 415, 783, 1049, 1462, 1606, 1764, 2303, 3076, 3806, 4380, 4511, 4351, 4664, 5163, 5450, 5125, 4977, 4814, 5086, 5542, 6284, 6260, 4153, 1705, -245, -1382, -1435, -622, -728, -2715, -5231, -6432, -5874, -4758, -3025, -2049, -2873, -3540, -2900, -1679, -1065, -591, -265, ;


Frequency: 612, Amplitude pozitiv: 4591, Amplitude negativ: 2329, .-<<||||   355, 2037, 4322, 5913, 5706, 4774, 4400, 5256, 6889, 8114, 8041, 6662, 5148, 4399, 4513, 4471, 4163, 3770, 3796, 4214, 4794, 4644, 3011, 804, -1455, -2436, -2269, -1522, -1223, -1907, -3230, -4369, -4151, -3104, -1732, -554, ;


Frequency: 7350, Amplitude pozitiv: 63, Amplitude negativ: 265, .-<<||||   63, -171, -359, ;


Frequency: 310, Amplitude pozitiv: 961, Amplitude negativ: 3387, .-<<||||   317, 1020, 1091, 772, 363, 380, 994, 1868, 2010, 1128, 1, 1, 587, 1576, 2342, 1926, 726, 1, 1, 1, 468, 818, 1040, 1181, 1430, 2063, 2481, 2075, 1330, 649, 447, 406, 224, -298, -1213, -1951, -2284, -2182, -1901, -1978, -2633, -3453, -3910, -4011, -3880, -3824, -4180, -4797, -5180, -5376, -5191, -5025, -4957, -4686, -4564, -4284, -3901, -3657, -3754, -4127, -4560, -4799, -4694, -4019, -3111, -2659, -2371, -2147, -1778, -1125, -246, ;


Frequency: 469, Amplitude pozitiv: 3238, Amplitude negativ: 2339, .-<<||||   588, 998, 1079, 1083, 1078, 1123, 1323, 1681, 1944, 2344, 2781, 3386, 3581, 3562, 3736, 3874, 4231, 4726, 5241, 5451, 5375, 5480, 5857, 6232, 5546, 3721, 1418, -424, -948, -457, -1, -790, -3034, -5458, -6035, -5140, -3364, -2013, -2417, -3750, -4231, -3094, -1813, -1105, -1010, -1099, -606, ;


Frequency: 580, Amplitude pozitiv: 5089, Amplitude negativ: 1153, .-<<||||   1433, 3773, 4841, 4533, 3844, 4112, 5625, 7826, 8906, 8398, 6619, 4869, 4341, 4646, 5247, 5335, 5263, 5119, 5430, 5821, 5502, 3942, 1638, -80, -670, -393, -1, -195, -1732, -3469, -4151, -3453, -1996, -464, -143, -148, -371, -41, ;


Frequency: 310, Amplitude pozitiv: 1087, Amplitude negativ: 3431, .-<<||||   703, 1242, 1175, 710, 854, 1501, 2442, 2749, 1935, 525, 1, 459, 2146, 3435, 3336, 2140, 480, 1, 180, 871, 972, 780, 616, 679, 1162, 1543, 1400, 505, 1, 1, 267, 622, 440, -619, -1824, -2125, -1695, -1306, -1563, -2314, -3223, -4059, -4090, -3604, -3587, -3836, -4448, -4984, -4984, -4704, -4519, -4906, -5536, -5630, -5307, -4585, -4103, -3861, -4097, -4481, -4514, -4265, -3799, -3491, -3259, -3182, -2806, -2266, -1583, -899, -352, ;


Frequency: 735, Amplitude pozitiv: 3496, Amplitude negativ: 323, .-<<||||   193, 670, 1051, 1463, 1581, 1654, 1723, 1970, 2351, 2865, 3464, 3704, 3837, 3938, 4171, 4333, 4866, 5235, 5154, 5402, 5614, 5925, 6241, 6418, 6128, 4450, 2485, 1008, -171, -476, ;


Frequency: 1297, Amplitude pozitiv: 55, Amplitude negativ: 2611, .-<<||||   55, -135, -1734, -3739, -4544, -4194, -3649, -2577, -2412, -3227, -3758, -3040, -1876, -1617, -1772, -1996, -1509, ;


Frequency: 565, Amplitude pozitiv: 4329, Amplitude negativ: 1435, .-<<||||   200, 2382, 3831, 3776, 3126, 3061, 4288, 6081, 7233, 7028, 5781, 4722, 4161, 4571, 5099, 4999, 4858, 5054, 5445, 5825, 5599, 4137, 2145, 497, -433, -543, -433, -543, -1429, -2640, -3479, -3345, -2613, -1655, -1074, -986, -1075, -946, -334, ;


Frequency: 306, Amplitude pozitiv: 1070, Amplitude negativ: 3355, .-<<||||   127, 255, 173, 442, 1033, 1756, 2071, 1512, 725, 257, 856, 1945, 2764, 2635, 1703, 718, 323, 639, 1104, 1422, 1292, 997, 1107, 1520, 1597, 1392, 968, 506, 343, 519, 477, -99, -965, -1715, -2026, -1900, -1630, -1682, -2139, -2866, -3338, -3372, -3267, -3482, -3935, -4527, -4697, -4679, -4662, -4672, -5005, -5369, -5247, -5057, -4603, -4266, -4351, -4686, -5034, -5102, -4972, -4718, -4397, -3917, -3484, -2876, -2542, -2157, -1848, -1452, -752, -102, ;


Frequency: 787, Amplitude pozitiv: 2916, Amplitude negativ: 36, .-<<||||   385, 751, 815, 813, 997, 1482, 1653, 1748, 2108, 2513, 2762, 3110, 3417, 3358, 3519, 3958, 4610, 4919, 5187, 5288, 5194, 5304, 5481, 4489, 2819, 1584, 480, -36, ;


Frequency: 1225, Amplitude pozitiv: 138, Amplitude negativ: 2375, .-<<||||   144, 132, -1088, -2658, -3442, -3448, -3029, -2270, -2082, -3009, -3671, -2965, -2029, -1771, -1689, -1962, -2032, -858, ;


Frequency: 512, Amplitude pozitiv: 4012, Amplitude negativ: 1592, .-<<||||   996, 2657, 3101, 2546, 2489, 3273, 4897, 6139, 6479, 5799, 5043, 4859, 5268, 5994, 6141, 6114, 5798, 5866, 6186, 6104, 5276, 3481, 1722, 559, 395, 631, 520, -312, -1515, -2560, -3057, -2728, -2412, -2180, -2143, -2207, -2098, -1480, -839, -585, -597, -624, -138, ;


Frequency: 319, Amplitude pozitiv: 856, Amplitude negativ: 3138, .-<<||||   508, 980, 1027, 506, 1, 1, 578, 1518, 2083, 1757, 1003, 234, 221, 761, 1055, 1084, 877, 728, 982, 1220, 1338, 1077, 154, -369, -490, -437, -337, -607, -1365, -1983, -2048, -1798, -1596, -1690, -2336, -2848, -3162, -3082, -2896, -3281, -3880, -4494, -4721, -4697, -4338, -4234, -4809, -5374, -5503, -5330, -4767, -4308, -4334, -4653, -5116, -5276, -5257, -4889, -4574, -4113, -3729, -3500, -3053, -2505, -2030, -1733, -1324, -1042, -470, ;


Frequency: 490, Amplitude pozitiv: 2629, Amplitude negativ: 1145, .-<<||||   313, 796, 938, 905, 832, 1002, 1486, 2070, 2413, 2356, 2382, 2472, 2739, 3321, 4025, 4355, 4476, 4738, 5148, 5476, 5684, 5548, 4612, 3379, 2392, 1783, 1531, 1600, 1592, 892, 245, -99, -57, -306, -667, -1151, -1907, -2174, -1625, -1143, -1140, -1532, -1888, -1599, -753, ;


Frequency: 450, Amplitude pozitiv: 3259, Amplitude negativ: 833, .-<<||||   283, 974, 969, 692, 684, 1258, 2325, 3234, 3565, 3447, 3302, 3829, 4606, 5081, 5527, 5761, 5950, 6159, 6528, 6589, 5847, 4684, 3451, 2718, 2502, 2496, 2404, 1812, 1006, 106, -462, -742, -795, -769, -1230, -1526, -1607, -1552, -1263, -1216, -1050, -1048, -993, -634, -252, -1, -101, -301, -298, ;


Frequency: 315, Amplitude pozitiv: 1005, Amplitude negativ: 3070, .-<<||||   60, 604, 1109, 1275, 883, 440, 166, 310, 751, 1143, 1382, 1747, 2106, 2200, 1957, 1291, 670, 3, -355, -611, -657, -776, -1185, -1578, -1915, -2042, -1942, -2025, -2260, -2401, -2565, -2858, -3266, -3519, -3872, -3966, -3740, -3613, -3585, -3780, -4250, -4791, -5242, -5277, -5028, -4598, -4554, -4968, -5516, -5924, -5909, -5566, -4828, -4440, -4318, -4215, -3946, -3550, -3362, -3086, -2990, -2792, -2258, -1540, -805, -640, -732, -914, -805, -318, ;


Frequency: 137, Amplitude pozitiv: 2669, Amplitude negativ: 2024, .-<<||||   269, 593, 708, 720, 882, 1483, 2234, 2899, 3103, 3111, 3233, 3708, 4296, 4651, 4692, 4777, 4916, 5232, 5464, 5197, 4505, 3815, 3700, 4315, 5142, 5417, 5248, 4594, 3736, 3155, 3003, 2997, 3090, 3102, 2931, 2685, 2477, 1863, 1108, 578, 244, 348, 664, 949, 1175, 862, 635, 909, 1340, 1975, 2584, 2779, 2857, 2957, 3146, 3421, 3630, 3780, 4016, 4124, 3939, 3671, 3173, 2452, 1616, 1184, 1277, 1565, 1681, 1669, 1483, 1045, 665, 68, -358, -652, -926, -1039, -942, -1026, -1266, -1512, -1660, -1627, -1582, -1533, -1440, -1643, -1831, -1855, -1612, -1428, -1252, -1345, -1569, -1671, -1775, -1481, -1257, -741, -524, -563, -595, -686, -758, -880, -1014, -1119, -1010, -749, -437, -436, -792, -1069, -1341, -1212, -863, -821, -962, -1359, -1705, -1904, -1885, -1723, -1880, -2147, -2682, -3118, -3397, -3726, -3960, -4222, -4456, -4670, -4705, -4709, -4767, -4878, -5083, -5235, -5055, -4978, -4631, -4433, -4332, -4042, -3931, -3478, -2915, -2585, -1966, -1624, -1358, -1140, -1206, -1038, -988, -744, -531, -101, ;


Frequency: 142, Amplitude pozitiv: 2401, Amplitude negativ: 2497, .-<<||||   312, 793, 1412, 1715, 2052, 2342, 2467, 2905, 3214, 3344, 3496, 3794, 4162, 4389, 4276, 3943, 3437, 3383, 3889, 4527, 4968, 4904, 4513, 3637, 2994, 2700, 2458, 2297, 2176, 2216, 2029, 1682, 1228, 667, 32, 1, 1, 1, 19, 25, 14, 1, 1, 249, 945, 1383, 1514, 1508, 1822, 2278, 2830, 3379, 3848, 4255, 4507, 4762, 4855, 4536, 3929, 3316, 2851, 2799, 3024, 3371, 3316, 3227, 2833, 2116, 1875, 1715, 1563, 1359, 965, 561, 185, -59, -328, -567, -1024, -978, -961, -1044, -1299, -1555, -1802, -2001, -1913, -1676, -1286, -1314, -1624, -2021, -2162, -2131, -1886, -1544, -1290, -1355, -1533, -1614, -1658, -1820, -2060, -2061, -1922, -1571, -1296, -1081, -1331, -1683, -1821, -1661, -1377, -1458, -1558, -2023, -2314, -2506, -2546, -2417, -2566, -2620, -2982, -3398, -4029, -4547, -4911, -5157, -5075, -4881, -4844, -4914, -4995, -5286, -5500, -5539, -5609, -5478, -5235, -5016, -4622, -4471, -4216, -3876, -3480, -2988, -2383, -1764, -1299, -1220, -1323, -1515, -1492, -1035, -410, ;


Frequency: 139, Amplitude pozitiv: 2656, Amplitude negativ: 2146, .-<<||||   133, 545, 866, 1139, 1775, 2413, 2944, 3219, 3573, 4051, 4495, 4907, 5251, 5362, 5229, 4888, 4704, 4513, 4401, 4499, 4949, 5493, 5767, 5602, 5138, 4323, 3427, 3018, 3017, 3207, 3109, 2710, 2104, 1420, 927, 530, 152, 1, 9, 131, 351, 353, 223, 162, 39, 382, 764, 1052, 1374, 1804, 1979, 2164, 2672, 3343, 4063, 4454, 4651, 4516, 4063, 3652, 3200, 2925, 2944, 3164, 3457, 3672, 3661, 3297, 2633, 1902, 1517, 1301, 1214, 1392, 1230, 801, 266, -115, -320, -547, -912, -1068, -1206, -1258, -1356, -1560, -1721, -1857, -1810, -1643, -1600, -1697, -1931, -2190, -2271, -2179, -1727, -1261, -993, -607, -489, -670, -804, -986, -1185, -1126, -823, -469, -238, -455, -828, -930, -750, -522, -675, -679, -966, -1421, -1646, -1733, -1905, -2005, -2140, -2521, -3127, -3505, -3831, -4262, -4548, -4834, -4683, -4578, -4422, -4441, -4595, -4732, -5070, -5193, -5250, -5175, -4910, -4796, -4438, -4206, -3865, -3459, -3073, -2673, -2326, -1880, -1588, -1405, -1528, -1463, -1142, -730, -330, -16, ;


Frequency: 140, Amplitude pozitiv: 2687, Amplitude negativ: 2372, .-<<||||   309, 684, 884, 1301, 1800, 2337, 2574, 2840, 3388, 3988, 4560, 5099, 5473, 5289, 4805, 4225, 3887, 3946, 4247, 4601, 5047, 5245, 5066, 4585, 3813, 3087, 2627, 2579, 2977, 3221, 2789, 2198, 1355, 642, 69, 1, 172, 266, 400, 552, 519, 480, 637, 668, 837, 1228, 1613, 2106, 2542, 2682, 2825, 3240, 3918, 4563, 4892, 5081, 4703, 4323, 3972, 3624, 3408, 3329, 3564, 3780, 3860, 3609, 3173, 2552, 2114, 1772, 1543, 1367, 1204, 975, 531, 62, -433, -907, -1320, -1526, -1566, -1628, -1857, -2025, -2171, -2130, -2139, -2043, -2173, -2562, -2817, -3054, -2977, -2892, -2510, -2325, -2000, -1621, -1366, -1296, -1377, -1519, -1537, -1485, -1157, -786, -552, -623, -1035, -1240, -1192, -969, -851, -979, -1200, -1364, -1538, -1662, -1681, -1919, -2379, -2690, -3129, -3409, -3730, -4021, -4423, -4696, -4694, -4533, -4232, -4078, -3982, -4251, -4581, -4885, -4882, -4779, -4805, -4545, -4271, -4096, -3689, -3426, -3177, -2910, -2769, -2332, -2043, -1792, -1634, -1564, -1401, -1132, -685, -415, -125, ;


Frequency: 595, Amplitude pozitiv: 2734, Amplitude negativ: 394, .-<<||||   184, 398, 816, 1165, 1531, 2075, 2528, 3011, 3581, 4291, 4757, 4670, 4235, 3405, 2887, 2771, 3192, 3835, 4354, 4656, 4283, 3495, 2940, 2436, 1863, 1889, 2273, 2515, 2265, 1651, 823, -54, -580, -856, -620, -180, -74, ;


Frequency: 11025, Amplitude pozitiv: 54, Amplitude negativ: 19, .-<<||||   54, -19, ;


Frequency: 191, Amplitude pozitiv: 2805, Amplitude negativ: 2173, .-<<||||   122, 462, 657, 974, 1121, 1381, 1727, 2079, 2456, 2737, 3051, 3784, 4519, 5194, 5470, 5246, 4654, 3940, 3653, 3493, 3710, 4060, 4250, 4390, 4259, 3928, 3449, 2940, 2361, 2021, 1840, 1649, 1440, 942, 218, -387, -556, -693, -768, -912, -1066, -1403, -1767, -1947, -1876, -1621, -1504, -1323, -1659, -2202, -2660, -2851, -2779, -2612, -2110, -1531, -1145, -858, -747, -983, -1236, -1344, -1222, -920, -593, -358, -324, -618, -722, -838, -826, -665, -659, -771, -1324, -1761, -2047, -2325, -2219, -2245, -2344, -2433, -2850, -3328, -3703, -4203, -4450, -4478, -4489, -4385, -4126, -4076, -4116, -4372, -4682, -4983, -4913, -4385, -4006, -3721, -3615, -3675, -3749, -3535, -3094, -2762, -2519, -2262, -1999, -1580, -1266, -1072, -866, -631, -231, ;


Frequency: 565, Amplitude pozitiv: 2693, Amplitude negativ: 422, .-<<||||   289, 551, 718, 918, 1173, 1523, 1919, 2703, 3353, 3954, 4416, 4568, 4537, 4005, 3517, 3073, 2926, 3366, 4142, 4601, 4429, 3861, 3009, 2284, 2124, 2348, 2815, 3064, 2670, 1923, 1121, 304, -223, -668, -770, -549, -485, -202, -63, ;


Frequency: 191, Amplitude pozitiv: 2234, Amplitude negativ: 2042, .-<<||||   9, 52, 217, 486, 912, 1200, 1262, 1379, 1632, 1832, 2289, 2912, 3373, 3943, 4384, 4500, 4286, 3805, 3397, 3154, 3141, 3337, 3579, 3695, 3498, 3119, 2729, 2278, 1954, 1678, 1433, 1274, 891, 523, 46, -190, -499, -639, -610, -1082, -1327, -1635, -1898, -1942, -1878, -1705, -1371, -1112, -1390, -1685, -2131, -2423, -2452, -2137, -1701, -1227, -893, -741, -813, -922, -994, -1121, -1037, -851, -503, -237, -200, -402, -518, -527, -312, -185, -375, -750, -1242, -1697, -2028, -2222, -2341, -2392, -2187, -2139, -2303, -2600, -3317, -3716, -3989, -4011, -3892, -4083, -4243, -4348, -4418, -4297, -4267, -4426, -4571, -4644, -4332, -3941, -3483, -3368, -3457, -3371, -3278, -2932, -2544, -2259, -2262, -2102, -1694, -1202, -758, -464, -137, ;


Frequency: 525, Amplitude pozitiv: 2384, Amplitude negativ: 894, .-<<||||   207, 501, 744, 1176, 1496, 1765, 2141, 2573, 3231, 3809, 3962, 3837, 3288, 2829, 2548, 2562, 3103, 3701, 4033, 3787, 3304, 2748, 2150, 1686, 1583, 1583, 1985, 2188, 1848, 1178, -17, -919, -1465, -1247, -972, -1029, -1055, -1230, -1296, -907, -443, -156, ;


Frequency: 200, Amplitude pozitiv: 2342, Amplitude negativ: 1843, .-<<||||   175, 240, 380, 685, 1009, 1272, 1438, 1881, 2444, 3270, 3931, 4053, 3807, 3318, 2950, 2998, 3253, 3712, 4032, 4090, 3941, 3611, 3340, 3013, 2598, 2276, 1975, 1665, 1527, 1210, 670, 195, -420, -901, -921, -783, -766, -926, -1482, -1747, -1810, -1723, -1431, -1359, -1515, -1931, -2224, -2498, -2438, -2238, -2125, -1753, -1112, -551, -422, -525, -818, -1010, -1022, -700, -513, -401, -501, -670, -567, -358, -1, -1, -1, -44, -295, -599, -1057, -1529, -2123, -2415, -2546, -2383, -2182, -2329, -2600, -3106, -3485, -3494, -3389, -3229, -3114, -3446, -3867, -4061, -4288, -4239, -4129, -4219, -4082, -3679, -3203, -2913, -2893, -2798, -2774, -2416, -2016, -1669, -1550, -1672, -1529, -1274, -759, -205, ;


Frequency: 450, Amplitude pozitiv: 2606, Amplitude negativ: 769, .-<<||||   260, 767, 1135, 1500, 1930, 2107, 2391, 2675, 2884, 3347, 3848, 4224, 4427, 3981, 3446, 3108, 2853, 3286, 3958, 4477, 4581, 4295, 3588, 2748, 2069, 1678, 1718, 1949, 2284, 2004, 1441, 920, 134, -293, -764, -864, -1044, -1154, -1182, -1359, -1358, -1244, -1069, -849, -456, -395, -142, -87, -55, ;


Frequency: 393, Amplitude pozitiv: 1853, Amplitude negativ: 1093, .-<<||||   164, 694, 1374, 2091, 2484, 2578, 2608, 2399, 2098, 1945, 1884, 2059, 2560, 2927, 3141, 3098, 2902, 2319, 1984, 1583, 1394, 1275, 1102, 856, 518, 160, -275, -706, -1303, -1579, -1645, -1526, -1455, -1523, -1486, -1693, -1549, -1396, -1251, -1333, -1655, -1860, -2141, -2133, -1816, -1379, -1146, -671, -352, -105, -48, -76, -118, -280, -241, -58, ;


Frequency: 441, Amplitude pozitiv: 179, Amplitude negativ: 2321, .-<<||||   139, 49, 147, 82, 77, 156, 184, 439, 341, 176, -119, -461, -743, -967, -1219, -1470, -1666, -1848, -2133, -2406, -2529, -2749, -2860, -2882, -2772, -2745, -2708, -3115, -3523, -3764, -4087, -4113, -4137, -3911, -3691, -3482, -3380, -3062, -2852, -2778, -2482, -2231, -1816, -1603, -1477, -1461, -1463, -1234, -748, -181, ;


Frequency: 490, Amplitude pozitiv: 2667, Amplitude negativ: 685, .-<<||||   350, 887, 1356, 1721, 1963, 2433, 2822, 3152, 3588, 3984, 4224, 3874, 3288, 2799, 2528, 2948, 3582, 4209, 4414, 4098, 3494, 2733, 2161, 1912, 2045, 2390, 2546, 2233, 1600, 704, -67, -661, -618, -613, -702, -774, -1056, -1341, -1292, -1025, -822, -614, -408, -256, -29, ;


Frequency: 210, Amplitude pozitiv: 1872, Amplitude negativ: 1503, .-<<||||   340, 453, 524, 754, 1386, 1940, 2531, 2757, 2644, 2242, 1915, 1836, 1971, 2449, 2939, 3096, 3083, 2987, 2737, 2523, 2150, 1809, 1586, 1546, 1492, 1313, 1007, 418, -250, -700, -849, -794, -1047, -1340, -1687, -1932, -1932, -1895, -1563, -1471, -1482, -1572, -1786, -1986, -2049, -2092, -2085, -1856, -1557, -1142, -1039, -893, -1017, -993, -868, -768, -225, -226, -260, -360, -450, -501, -514, -367, -372, -350, -324, -484, -613, -695, -1011, -1283, -1224, -1200, -1307, -1600, -2047, -2633, -3011, -2881, -2582, -2322, -2272, -2336, -2614, -2810, -2860, -2882, -2883, -2979, -2961, -2823, -2723, -2705, -2704, -2713, -2649, -2218, -1511, -1003, -608, -563, -570, -580, -306, ;


Frequency: 432, Amplitude pozitiv: 2637, Amplitude negativ: 829, .-<<||||   91, 218, 535, 913, 1373, 1798, 2194, 2619, 3017, 3497, 3859, 4334, 4675, 4404, 3910, 3405, 3173, 3222, 3654, 4168, 4514, 4509, 4001, 3287, 2742, 2235, 2100, 2257, 2465, 2401, 2061, 1453, 582, 4, -476, -734, -691, -651, -730, -1000, -1249, -1358, -1402, -1237, -947, -777, -726, -713, -718, -513, -182, ;


Frequency: 210, Amplitude pozitiv: 1303, Amplitude negativ: 1689, .-<<||||   290, 880, 1368, 1873, 2123, 1739, 1399, 1153, 961, 1020, 1284, 1708, 2058, 2155, 1985, 1669, 1386, 1105, 1101, 1017, 1000, 999, 681, 318, -136, -455, -851, -987, -1063, -1423, -1618, -1844, -1947, -1926, -1955, -1762, -1626, -1519, -1629, -1927, -2105, -2295, -2162, -1901, -1388, -1066, -894, -1087, -1283, -1367, -1415, -1337, -1001, -804, -661, -547, -555, -510, -599, -652, -701, -671, -674, -648, -805, -1216, -1396, -1634, -1622, -1337, -1222, -1305, -1509, -1903, -2409, -2468, -2575, -2679, -2700, -2716, -2632, -2768, -2994, -3215, -3535, -3576, -3367, -3017, -2840, -2888, -3001, -3043, -3066, -2981, -2646, -2310, -2046, -1841, -1541, -1493, -1215, -998, -851, -428, -31, ;


Frequency: 469, Amplitude pozitiv: 2346, Amplitude negativ: 331, .-<<||||   312, 677, 1042, 1471, 1909, 2375, 2761, 3224, 3733, 3823, 3539, 3117, 2748, 2669, 3132, 3656, 4178, 4260, 4030, 3424, 2887, 2438, 2086, 2077, 2306, 2630, 2439, 2047, 1396, 693, 199, 55, 99, -37, -66, -395, -619, -768, -602, -346, -249, -173, -228, -281, -342, -333, -195, ;


Frequency: 212, Amplitude pozitiv: 1135, Amplitude negativ: 1292, .-<<||||   276, 742, 1185, 1653, 1989, 2043, 1723, 1383, 1153, 895, 1097, 1315, 1586, 1828, 1713, 1529, 1334, 1107, 944, 629, 578, 590, 506, 402, 193, -176, -605, -977, -1235, -1342, -1423, -1674, -1817, -1833, -1888, -1733, -1531, -1506, -1540, -1780, -1859, -1982, -2240, -1944, -1707, -1354, -779, -614, -567, -662, -866, -1065, -1183, -1183, -1214, -989, -891, -726, -610, -450, -390, -433, -457, -425, -472, -902, -1038, -1124, -1104, -1123, -1151, -1021, -1092, -1217, -1272, -1471, -1467, -1497, -1486, -1314, -1429, -1579, -1785, -1921, -2211, -2220, -2173, -2205, -2084, -2153, -1972, -1851, -1875, -1680, -1643, -1443, -1243, -1204, -1078, -1167, -1045, -920, -641, -172, ;


Frequency: 140, Amplitude pozitiv: 1421, Amplitude negativ: 1149, .-<<||||   289, 600, 807, 1055, 1364, 1600, 2000, 2423, 2813, 3114, 3317, 3490, 3301, 3014, 2813, 2861, 3286, 3690, 3961, 4161, 4009, 3497, 3188, 2708, 2451, 2493, 2679, 2796, 2454, 1987, 1547, 1278, 956, 803, 659, 510, 380, 295, 259, 61, 1, 1, 242, 292, 287, 103, 1, 1, 1, 248, 771, 1002, 1133, 1180, 961, 744, 590, 398, 368, 705, 1126, 1388, 1328, 1136, 763, 503, 565, 799, 958, 914, 849, 588, 257, 16, -190, -319, -442, -453, -445, -728, -998, -1068, -1018, -935, -668, -470, -766, -858, -1204, -1551, -1700, -1581, -1113, -907, -666, -692, -792, -938, -994, -902, -738, -455, -391, -443, -686, -870, -889, -909, -667, -360, -174, -140, -251, -605, -1063, -1205, -1308, -1211, -1162, -1155, -1187, -1549, -1696, -1842, -1915, -1686, -1411, -1143, -1137, -1305, -1665, -1888, -1962, -2303, -2151, -1985, -2024, -1974, -2038, -2256, -2437, -2262, -2073, -1953, -1646, -1305, -1310, -1461, -1505, -1613, -1533, -1315, -1088, -729, -592, -282, -66, ;


Frequency: 143, Amplitude pozitiv: 1301, Amplitude negativ: 1263, .-<<||||   189, 438, 918, 1485, 1801, 2035, 2136, 2387, 2398, 2529, 2635, 2674, 2866, 3141, 3168, 3411, 3599, 3348, 3127, 2998, 2867, 2678, 2677, 2624, 2333, 2285, 2127, 1905, 1892, 1656, 1504, 1195, 857, 721, 589, 418, 250, 190, 168, 257, 252, 302, 113, 1, 21, 335, 570, 650, 590, 489, 579, 530, 370, 331, 194, 265, 408, 283, 243, 399, 251, 220, 300, 249, 154, -23, -171, -254, -350, -475, -558, -595, -687, -754, -790, -1088, -1272, -1444, -1475, -1414, -1455, -1255, -1201, -1244, -1339, -1562, -1664, -1819, -1902, -1815, -1801, -1738, -1698, -1646, -1560, -1404, -1453, -1409, -1333, -1424, -1285, -1239, -1252, -1267, -1341, -1110, -1049, -1054, -1025, -1074, -1193, -1204, -1212, -1247, -1443, -1481, -1347, -1392, -1407, -1471, -1604, -1587, -1505, -1377, -1240, -1121, -1317, -1467, -1442, -1363, -1201, -1364, -1462, -1554, -1609, -1630, -1833, -1899, -1945, -1910, -1740, -1434, -1330, -1286, -1274, -1219, -1117, -1056, -1076, -1086, -927, -773, -479, -79, ;


Frequency: 143, Amplitude pozitiv: 1370, Amplitude negativ: 1127, .-<<||||   341, 714, 926, 1348, 1694, 1894, 2145, 2207, 2334, 2532, 2689, 2839, 2823, 3001, 3314, 3408, 3553, 3594, 3357, 2989, 2774, 2655, 2554, 2685, 2587, 2678, 2597, 2306, 1930, 1771, 1645, 1478, 1464, 1321, 1164, 1034, 821, 618, 519, 534, 453, 434, 515, 535, 509, 429, 437, 512, 785, 851, 866, 815, 473, 301, 192, 178, 289, 259, 371, 455, 445, 581, 352, 224, 87, 40, 138, 122, 77, -169, -239, -221, -129, -396, -519, -728, -852, -879, -959, -978, -964, -980, -973, -804, -903, -1053, -1358, -1464, -1443, -1494, -1446, -1439, -1410, -1472, -1458, -1347, -1509, -1443, -1239, -1121, -973, -1109, -1092, -1039, -1080, -1068, -1191, -1157, -1199, -1184, -1318, -1290, -1204, -1353, -1303, -1238, -1132, -1148, -1072, -1030, -1158, -1156, -1167, -1139, -1051, -1191, -1184, -1333, -1260, -1241, -1289, -1166, -1222, -1266, -1337, -1489, -1719, -1736, -1807, -1694, -1583, -1443, -1269, -1357, -1327, -1294, -1264, -1169, -1117, -918, -770, -557, -396, -210, ;


Frequency: 142, Amplitude pozitiv: 1442, Amplitude negativ: 1298, .-<<||||   77, 371, 622, 873, 1071, 1377, 1583, 1816, 2140, 2380, 2518, 2603, 2940, 2803, 2856, 3009, 3038, 3081, 3205, 3254, 3125, 2988, 2813, 2782, 2758, 2639, 2481, 2318, 2219, 2097, 2144, 2016, 1820, 1627, 1433, 1390, 1262, 995, 880, 800, 683, 745, 778, 697, 667, 588, 670, 865, 1012, 1139, 1188, 1041, 744, 582, 393, 359, 337, 498, 629, 679, 782, 706, 545, 411, 436, 386, 375, 348, 380, 128, -51, -255, -346, -275, -337, -411, -535, -800, -826, -878, -974, -927, -955, -961, -1107, -1241, -1456, -1632, -1709, -1675, -1754, -1699, -1664, -1737, -1742, -1915, -1921, -1829, -1683, -1436, -1404, -1616, -1715, -1839, -1768, -1519, -1643, -1500, -1467, -1531, -1558, -1676, -1762, -1690, -1610, -1721, -1615, -1435, -1373, -1291, -1369, -1466, -1445, -1404, -1389, -1318, -1315, -1415, -1591, -1411, -1376, -1351, -1175, -1201, -1405, -1563, -1543, -1747, -1616, -1489, -1384, -1250, -1250, -1298, -1289, -1469, -1524, -1453, -1252, -1020, -759, -483, -418, -293, -177, ;


Frequency: 324, Amplitude pozitiv: 1567, Amplitude negativ: 27, .-<<||||   63, 331, 591, 761, 1009, 1221, 1531, 1777, 1911, 2275, 2589, 2833, 2833, 2830, 2878, 2914, 3004, 3198, 3427, 3467, 3382, 3155, 3016, 2770, 2694, 2728, 2645, 2583, 2502, 2406, 2304, 2079, 1877, 1664, 1647, 1773, 1557, 1271, 1133, 995, 1023, 1009, 918, 879, 1033, 999, 956, 1070, 1024, 852, 803, 832, 719, 583, 481, 473, 533, 638, 627, 553, 472, 371, 401, 318, 200, 66, -50, -5, ;


Frequency: 245, Amplitude pozitiv: 12, Amplitude negativ: 1493, .-<<||||   3, 21, -137, -330, -285, -387, -443, -596, -566, -593, -716, -765, -994, -1056, -1165, -1183, -1299, -1317, -1411, -1564, -1610, -1788, -1741, -1597, -1667, -1680, -1809, -1880, -1766, -1836, -1787, -1804, -1852, -1999, -2093, -1940, -1805, -1726, -1679, -1546, -1477, -1629, -1732, -1796, -1957, -1865, -1996, -1899, -1753, -1798, -1788, -1731, -1678, -1774, -1768, -1728, -1711, -1646, -1621, -1736, -1724, -1652, -1797, -1769, -1740, -1828, -1851, -1961, -1987, -1974, -1874, -1820, -1861, -1852, -1810, -1993, -2011, -1916, -1921, -1797, -1590, -1400, -1208, -1034, -955, -839, -695, -468, -382, -191, ;


Frequency: 140, Amplitude pozitiv: 1477, Amplitude negativ: 1629, .-<<||||   257, 556, 832, 1031, 1216, 1467, 1643, 1736, 1897, 2057, 2268, 2401, 2589, 2699, 2627, 2663, 2839, 3006, 2973, 2888, 2770, 2575, 2599, 2671, 2741, 2586, 2673, 2526, 2208, 2149, 2056, 2029, 1941, 1825, 1685, 1721, 1668, 1532, 1453, 1338, 1332, 1320, 1337, 1325, 1197, 1008, 876, 716, 679, 810, 904, 982, 999, 1004, 732, 694, 695, 636, 813, 795, 635, 491, 483, 332, 317, 256, 291, 278, 322, 196, 86, -136, -447, -497, -686, -591, -646, -677, -908, -1142, -1242, -1357, -1300, -1467, -1586, -1735, -1784, -1835, -1990, -2035, -2079, -1811, -1820, -1719, -1896, -2154, -2183, -2192, -2147, -2192, -2021, -2010, -1918, -1857, -1890, -2016, -1924, -1876, -1874, -1700, -1591, -1694, -1770, -1846, -2011, -1783, -1774, -1716, -1645, -1815, -1841, -1980, -1928, -1768, -1738, -1787, -1976, -1977, -2174, -2282, -2215, -2111, -1986, -1907, -1951, -1983, -1905, -2065, -2128, -2213, -2195, -1996, -1961, -1791, -1805, -1670, -1609, -1463, -1441, -1234, -999, -888, -706, -567, -313, -467, -161, ;


Frequency: 138, Amplitude pozitiv: 1415, Amplitude negativ: 1691, .-<<||||   41, 366, 619, 843, 922, 1012, 1179, 1242, 1572, 1725, 1955, 2088, 2193, 2266, 2234, 2228, 2236, 2404, 2335, 2355, 2336, 2249, 2208, 2082, 1975, 2010, 2021, 1996, 1957, 1866, 1688, 1624, 1609, 1507, 1562, 1499, 1532, 1546, 1345, 1257, 1151, 1314, 1308, 1412, 1470, 1395, 1252, 1184, 1224, 1263, 1283, 1292, 1302, 1341, 1303, 1099, 1090, 1073, 1161, 1215, 1246, 1105, 997, 953, 805, 694, 624, 512, 325, 282, 135, -108, -234, -448, -472, -360, -481, -624, -758, -910, -1146, -1299, -1448, -1450, -1442, -1507, -1631, -1677, -1697, -1814, -1758, -1781, -1915, -1982, -1953, -2024, -2051, -2166, -2185, -2213, -2035, -1955, -1889, -1872, -1996, -1957, -2011, -1814, -1836, -2028, -2047, -2214, -2240, -2274, -2247, -2203, -2201, -2189, -2075, -1961, -2038, -2050, -2106, -2085, -2156, -2188, -2251, -2150, -2230, -2338, -2303, -2202, -2178, -2363, -2260, -2332, -2347, -2293, -2370, -2315, -2171, -2099, -2041, -1998, -1863, -1717, -1644, -1624, -1515, -1407, -1294, -1082, -932, -790, -605, -429, -281, -146, -41, ;


Frequency: 139, Amplitude pozitiv: 1384, Amplitude negativ: 1530, .-<<||||   38, 313, 390, 309, 566, 682, 782, 875, 912, 992, 1018, 1106, 1243, 1422, 1373, 1488, 1594, 1698, 1825, 1775, 1930, 1947, 1892, 1774, 1800, 1774, 1807, 1856, 1844, 1931, 1903, 2010, 1992, 1968, 1978, 1953, 1857, 1852, 1809, 1693, 1802, 1931, 1947, 1862, 1818, 1745, 1686, 1736, 1757, 1661, 1649, 1738, 1640, 1711, 1669, 1534, 1484, 1517, 1606, 1481, 1470, 1321, 1165, 1213, 966, 880, 894, 674, 520, 460, 402, 257, 268, 42, -121, -364, -434, -429, -575, -652, -876, -1003, -1078, -1169, -1448, -1532, -1554, -1521, -1560, -1577, -1586, -1737, -1785, -1871, -1904, -1897, -1962, -2002, -2006, -1880, -1759, -1805, -1748, -1764, -1883, -2059, -2110, -1953, -1931, -2045, -1978, -1996, -1975, -1952, -1911, -1894, -1949, -1900, -2103, -2229, -2222, -2157, -2036, -2056, -1919, -1859, -1953, -2064, -2114, -2147, -2185, -2067, -1984, -1926, -1949, -1934, -1802, -1744, -1735, -1826, -1756, -1552, -1487, -1415, -1352, -1225, -1155, -1093, -942, -713, -546, -581, -524, -493, -367, -101, -134, -12, ;


Frequency: 132, Amplitude pozitiv: 1391, Amplitude negativ: 1179, .-<<||||   252, 288, 344, 449, 456, 467, 571, 555, 678, 865, 980, 1160, 1154, 1263, 1347, 1271, 1365, 1438, 1454, 1459, 1455, 1443, 1509, 1598, 1564, 1637, 1567, 1515, 1662, 1718, 1908, 1810, 1676, 1671, 1601, 1681, 1671, 1747, 1706, 1841, 1902, 1966, 2033, 1959, 1853, 1962, 1982, 1956, 1992, 1821, 1978, 2036, 2083, 2082, 2030, 2111, 2006, 1947, 1720, 1597, 1786, 1747, 1539, 1543, 1573, 1562, 1507, 1423, 1396, 1175, 1124, 1069, 1024, 919, 864, 723, 555, 509, 412, 265, 181, -37, -134, -156, -143, -19, -173, -314, -438, -540, -774, -878, -897, -901, -803, -882, -855, -931, -1022, -1134, -1194, -1256, -1297, -1094, -1250, -1216, -1305, -1344, -1444, -1322, -1314, -1394, -1372, -1561, -1616, -1762, -1698, -1846, -1801, -1865, -1886, -1816, -1954, -1932, -1959, -2075, -2100, -2210, -2027, -2051, -2018, -2004, -1961, -1923, -2068, -1882, -1833, -1852, -1744, -1747, -1720, -1601, -1469, -1377, -1269, -1225, -1257, -1126, -1096, -1146, -1026, -843, -776, -736, -805, -684, -600, -548, -615, -625, -475, -398, -320, -240, -179, -220, -65, ;


Frequency: 135, Amplitude pozitiv: 1202, Amplitude negativ: 1019, .-<<||||   68, 38, 65, 131, 188, 364, 475, 583, 589, 641, 818, 852, 1094, 1140, 1087, 1162, 1182, 1276, 1327, 1465, 1471, 1475, 1429, 1472, 1516, 1539, 1644, 1668, 1625, 1739, 1785, 1785, 1760, 1740, 1807, 1667, 1782, 1779, 1858, 1777, 1871, 1823, 1769, 1838, 1766, 1719, 1635, 1589, 1569, 1659, 1616, 1711, 1587, 1545, 1432, 1366, 1238, 1255, 1239, 1172, 1029, 989, 1021, 776, 832, 667, 554, 371, 369, 288, 287, 160, -58, -1, -10, -47, -117, -250, -279, -362, -675, -751, -665, -577, -686, -803, -672, -808, -854, -789, -866, -830, -993, -961, -985, -1022, -1088, -1302, -1376, -1420, -1469, -1580, -1464, -1589, -1726, -1672, -1756, -1808, -1678, -1712, -1806, -1745, -1827, -1821, -1850, -1884, -1768, -1743, -1658, -1662, -1560, -1543, -1726, -1678, -1667, -1552, -1433, -1540, -1379, -1450, -1456, -1329, -1309, -1128, -935, -1046, -1013, -1050, -875, -723, -845, -840, -765, -709, -763, -712, -714, -716, -704, -755, -517, -404, -489, -475, -564, -430, -419, -544, -546, -346, -254, -288, -119, ;


Frequency: 136, Amplitude pozitiv: 785, Amplitude negativ: 911, .-<<||||   1, 39, 54, 193, 157, 212, 203, 275, 323, 390, 600, 487, 536, 501, 528, 594, 592, 798, 738, 773, 947, 923, 890, 762, 810, 899, 868, 907, 994, 979, 990, 986, 1065, 1101, 1076, 1080, 949, 1008, 1064, 1210, 1272, 1316, 1316, 1210, 1179, 1170, 1278, 1286, 1158, 1091, 1220, 1215, 1190, 1171, 1116, 1037, 1067, 1116, 962, 1044, 923, 961, 822, 744, 753, 871, 835, 785, 865, 865, 713, 446, 558, 379, 339, 319, 298, 278, 143, 39, -47, -57, -84, -96, -201, -408, -462, -368, -458, -607, -573, -681, -673, -735, -724, -974, -1011, -1068, -1152, -1220, -1278, -1162, -1316, -1345, -1368, -1317, -1355, -1351, -1181, -1108, -1202, -1233, -1323, -1299, -1221, -1218, -1194, -1281, -1218, -1221, -1400, -1468, -1299, -1077, -1175, -1107, -1083, -1085, -1176, -1237, -1165, -1127, -1200, -1266, -1246, -1169, -1026, -1046, -1074, -930, -774, -824, -807, -854, -906, -1027, -1030, -973, -940, -828, -800, -703, -711, -665, -567, -595, -458, -459, -337, -204, -90, -43, ;


Frequency: 7350, Amplitude pozitiv: 33, Amplitude negativ: 40, .-<<||||   33, -14, -66, ;


Frequency: 137, Amplitude pozitiv: 949, Amplitude negativ: 581, .-<<||||   70, 15, 113, 116, 152, 205, 331, 502, 488, 528, 719, 697, 706, 891, 824, 947, 1071, 1139, 1263, 1242, 1225, 1277, 1304, 1462, 1597, 1571, 1479, 1463, 1504, 1495, 1559, 1522, 1456, 1527, 1428, 1452, 1376, 1498, 1530, 1470, 1507, 1428, 1490, 1350, 1347, 1407, 1341, 1248, 1365, 1295, 1156, 1152, 1229, 1267, 1192, 1261, 1083, 895, 974, 1022, 844, 639, 593, 359, 368, 433, 324, 238, 244, 196, 134, 215, 209, 153, 52, -65, -128, -137, -195, -291, -369, -471, -493, -559, -582, -682, -638, -509, -551, -618, -736, -746, -821, -814, -836, -941, -874, -905, -881, -895, -870, -760, -868, -809, -826, -858, -784, -779, -835, -814, -817, -769, -727, -763, -727, -726, -770, -635, -641, -742, -555, -731, -619, -477, -680, -760, -761, -643, -617, -528, -677, -628, -711, -640, -661, -791, -706, -744, -668, -691, -647, -749, -692, -692, -526, -330, -425, -278, -259, -222, -104, -150, -68, -96, -139, -170, -248, -32, -54, -23, ;


Frequency: 7350, Amplitude pozitiv: 85, Amplitude negativ: 65, .-<<||||   114, 56, -65, ;


Frequency: 133, Amplitude pozitiv: 537, Amplitude negativ: 572, .-<<||||   69, 201, 176, 64, 23, 88, 134, 377, 395, 386, 405, 310, 248, 390, 290, 343, 349, 444, 501, 482, 466, 422, 427, 355, 410, 413, 552, 612, 711, 689, 722, 838, 784, 933, 952, 916, 775, 836, 877, 871, 858, 975, 1058, 965, 1088, 1012, 928, 811, 795, 894, 796, 774, 731, 632, 617, 572, 484, 501, 512, 421, 587, 563, 520, 519, 385, 301, 326, 304, 257, 189, 52, 69, -60, -47, -11, -102, -140, -242, -297, -374, -417, -336, -337, -381, -348, -366, -381, -440, -418, -509, -455, -488, -448, -620, -663, -574, -583, -511, -549, -453, -578, -509, -522, -481, -584, -688, -597, -587, -591, -661, -667, -674, -679, -767, -804, -808, -822, -788, -863, -909, -948, -826, -656, -784, -910, -927, -974, -970, -1015, -1201, -1140, -1206, -1085, -960, -908, -912, -879, -749, -898, -703, -627, -724, -674, -586, -628, -605, -538, -517, -550, -491, -479, -428, -409, -396, -336, -341, -345, -422, -337, -291, -282, -194, -76, -142, -68, ;


Frequency: 5512, Amplitude pozitiv: 68, Amplitude negativ: 30, .-<<||||   52, 84, -26, -35, ;


Frequency: 140, Amplitude pozitiv: 380, Amplitude negativ: 216, .-<<||||   42, 51, 288, 285, 277, 389, 393, 389, 281, 283, 338, 465, 522, 363, 471, 507, 452, 625, 556, 488, 504, 482, 560, 538, 689, 622, 592, 677, 741, 663, 658, 579, 543, 622, 688, 711, 710, 778, 696, 654, 610, 643, 572, 644, 585, 515, 524, 573, 496, 459, 459, 267, 293, 375, 238, 149, 252, 145, 189, 42, 49, 96, 20, 195, 73, 1, 1, 27, 121, 188, 80, 98, 148, 198, 183, 126, 274, 279, 321, 310, 345, 370, 440, 673, 531, 519, 554, 441, 480, 552, 450, 293, 431, 270, 295, 293, 178, 165, 54, 34, 77, -39, -50, -102, -52, -113, -96, -196, -191, -151, -423, -348, -404, -338, -361, -442, -385, -396, -288, -346, -322, -371, -308, -278, -222, -202, -298, -199, -222, -98, -109, -141, -281, -237, -204, -211, -129, -215, -258, -185, -247, -356, -297, -266, -185, -247, -171, -89, -116, -124, -213, -103, -150, -59, -84, -184, -32, ;


Frequency: 5512, Amplitude pozitiv: 123, Amplitude negativ: 64, .-<<||||   97, 150, -92, -36, ;


Frequency: 186, Amplitude pozitiv: 341, Amplitude negativ: 28, .-<<||||   53, 118, 96, 106, 1, 55, 98, 115, 175, 137, 284, 257, 309, 197, 270, 187, 162, 217, 134, 203, 184, 347, 374, 372, 425, 427, 371, 308, 402, 380, 468, 472, 467, 458, 530, 518, 581, 496, 484, 592, 686, 666, 691, 640, 573, 514, 496, 604, 491, 471, 432, 354, 364, 465, 389, 362, 358, 330, 422, 308, 260, 405, 336, 416, 488, 330, 398, 408, 369, 431, 531, 564, 480, 496, 560, 521, 439, 539, 455, 475, 562, 372, 441, 428, 484, 408, 500, 447, 230, 423, 420, 432, 394, 424, 326, 238, 239, 189, 218, 178, 94, 62, 105, 134, 88, 33, 115, 176, 217, 281, 106, 140, 118, 5, 13, 175, -15, -41, ;


Frequency: 11025, Amplitude pozitiv: 83, Amplitude negativ: 80, .-<<||||   83, -80, ;


Frequency: 408, Amplitude pozitiv: 21, Amplitude negativ: 265, .-<<||||   27, 16, -35, -106, -170, -26, -18, -1, -91, -101, -116, -179, -23, -141, -203, -281, -182, -233, -236, -221, -133, -246, -432, -319, -386, -280, -377, -435, -463, -378, -378, -405, -409, -527, -464, -457, -483, -362, -420, -474, -444, -324, -403, -355, -316, -296, -231, -224, -232, -294, -201, -194, -55, -32, ;


Frequency: 5512, Amplitude pozitiv: 27, Amplitude negativ: 35, .-<<||||   43, 11, -61, -10, ;


Frequency: 580, Amplitude pozitiv: 124, Amplitude negativ: 47, .-<<||||   42, 108, 211, 102, 32, 126, 222, 216, 228, 211, 93, 214, 120, 161, 204, 163, 172, 63, 96, 134, 1, 1, 78, 137, 79, 79, 108, 77, -20, -178, -11, -1, -1, -21, -78, -161, -5, -3, ;


Frequency: 137, Amplitude pozitiv: 305, Amplitude negativ: 392, .-<<||||   133, 197, 13, 14, 87, 225, 193, 82, 197, 229, 270, 360, 375, 448, 420, 461, 400, 428, 530, 553, 505, 505, 468, 475, 454, 488, 524, 337, 435, 394, 499, 372, 443, 501, 292, 366, 251, 252, 318, 315, 176, 312, 235, 273, 273, 115, 255, 291, 213, 157, 195, 255, 209, 375, 328, 429, 387, 389, 341, 186, 238, 343, 334, 261, 355, 271, 195, 211, 188, 196, 150, 24, -19, -116, -127, -59, -106, -52, -97, -241, -234, -323, -462, -516, -456, -443, -436, -470, -330, -338, -356, -356, -320, -397, -417, -408, -403, -419, -502, -467, -523, -567, -467, -635, -601, -475, -599, -557, -763, -666, -559, -595, -574, -699, -663, -634, -679, -601, -600, -548, -603, -474, -412, -583, -530, -480, -381, -468, -456, -417, -366, -417, -449, -358, -403, -384, -334, -420, -447, -334, -471, -318, -390, -418, -389, -302, -178, -376, -316, -293, -281, -162, -188, -97, -114, -159, -150, -141, -127, -50, ;


Frequency: 7350, Amplitude pozitiv: 33, Amplitude negativ: 17, .-<<||||   39, 28, -17, ;

