
Frequency: 22050, Amplitude pozitiv: 0, Amplitude negativ: 0, .-<<||||   ;


Frequency: 172, Amplitude pozitiv: 369, Amplitude negativ: 390, .-<<||||   315, 346, 351, 356, 355, 314, 368, 234, 372, 395, 332, 471, 389, 498, 535, 564, 484, 498, 489, 442, 512, 451, 491, 553, 611, 544, 495, 384, 329, 387, 356, 447, 463, 395, 377, 188, 208, 268, 239, 283, 182, 172, 119, 55, 8, -28, -36, -57, -109, -201, -88, -70, -94, -262, -276, -183, -264, -231, -205, -294, -329, -430, -382, -422, -449, -495, -563, -566, -692, -574, -611, -685, -639, -759, -770, -799, -720, -694, -651, -755, -825, -667, -739, -631, -716, -710, -758, -618, -597, -433, -443, -512, -530, -544, -593, -478, -443, -600, -437, -450, -346, -230, -269, -223, -166, -86, -225, -299, -293, -330, -317, -249, -261, -398, -356, -336, -312, -158, -163, -189, -260, -157, -181, -185, -24, -135, -120, -38, ;


Frequency: 145, Amplitude pozitiv: 833, Amplitude negativ: 741, .-<<||||   48, 19, 59, 171, 140, 53, 173, 140, 190, 263, 258, 311, 293, 275, 323, 330, 403, 415, 400, 438, 486, 579, 401, 651, 801, 667, 836, 818, 867, 1004, 995, 1033, 1028, 1046, 1217, 1262, 1252, 1386, 1250, 1252, 1280, 1257, 1261, 1278, 1271, 1247, 1342, 1390, 1456, 1422, 1365, 1371, 1412, 1330, 1194, 1302, 1331, 1336, 1289, 1359, 1347, 1250, 1363, 1239, 1209, 1149, 1041, 1110, 1160, 1099, 997, 941, 865, 637, 633, 643, 468, 321, 269, 244, 220, 88, -4, -184, -226, -284, -326, -392, -544, -557, -713, -691, -709, -759, -806, -807, -899, -889, -903, -946, -983, -1014, -1003, -949, -862, -994, -1027, -990, -817, -824, -861, -890, -933, -1011, -981, -808, -987, -1010, -1041, -965, -981, -1038, -1119, -1047, -894, -1045, -981, -880, -867, -941, -995, -1019, -931, -918, -950, -781, -749, -708, -608, -633, -651, -498, -451, -461, -437, -485, -237, -267, -258, -230, -169, -53, ;


Frequency: 147, Amplitude pozitiv: 1523, Amplitude negativ: 1190, .-<<||||   5, 39, 27, 137, 190, 316, 291, 211, 285, 474, 365, 369, 450, 403, 473, 571, 546, 518, 613, 538, 633, 801, 838, 848, 891, 1045, 1138, 1201, 1215, 1302, 1399, 1487, 1616, 1782, 1756, 1859, 1977, 2053, 2148, 2353, 2343, 2381, 2534, 2600, 2759, 2793, 3015, 3165, 3378, 3368, 3405, 3462, 3372, 3309, 3090, 2913, 2802, 2827, 2701, 2491, 2337, 2202, 1934, 1535, 1261, 987, 786, 660, 662, 423, -43, -431, -765, -1061, -1138, -1262, -1343, -1446, -1608, -1540, -1714, -1826, -1885, -1939, -1799, -1799, -1842, -1798, -1763, -1792, -1663, -1521, -1423, -1288, -1263, -1258, -1312, -1336, -1339, -1223, -1276, -1283, -1117, -1100, -1285, -1408, -1446, -1513, -1436, -1435, -1354, -1356, -1400, -1543, -1571, -1531, -1755, -1669, -1627, -1665, -1619, -1821, -1872, -1733, -1565, -1500, -1439, -1332, -1231, -1196, -1119, -1166, -969, -835, -855, -524, -489, -385, -267, -391, -419, -314, -346, -238, -94, -8, -95, -169, -37, -2, ;


Frequency: 1696, Amplitude pozitiv: 107, Amplitude negativ: 21, .-<<||||   25, 45, 52, 123, 150, 244, 285, 29, 103, 14, -56, -4, -5, ;


Frequency: 7350, Amplitude pozitiv: 24, Amplitude negativ: 23, .-<<||||   24, -10, -36, ;


Frequency: 4410, Amplitude pozitiv: 1, Amplitude negativ: 64, .-<<||||   1, -44, -148, -37, -27, ;


Frequency: 350, Amplitude pozitiv: 2029, Amplitude negativ: 854, .-<<||||   48, 11, 83, 155, 282, 264, 396, 630, 744, 1013, 1137, 1341, 1500, 1696, 1885, 2137, 2350, 2577, 2817, 2942, 3124, 3556, 3876, 3958, 3960, 3674, 3386, 3192, 3310, 3459, 3468, 3479, 3379, 3032, 2621, 2208, 1855, 1806, 1752, 1865, 1809, 1360, 917, 222, -601, -1002, -1139, -1177, -1119, -954, -884, -825, -988, -1053, -1061, -1031, -780, -893, -774, -689, -442, -507, -319, ;


Frequency: 1102, Amplitude pozitiv: 645, Amplitude negativ: 15, .-<<||||   52, 368, 739, 862, 1001, 806, 610, 585, 680, 799, 919, 939, 948, 876, 521, 226, 46, 0, -44, -2, ;


Frequency: 286, Amplitude pozitiv: 73, Amplitude negativ: 1515, .-<<||||   57, 89, -45, -403, -722, -943, -1169, -1170, -1251, -1449, -1667, -1902, -2050, -2169, -2067, -2049, -1985, -1863, -1908, -2041, -2202, -2187, -2037, -1860, -1648, -1432, -1432, -1587, -1573, -1643, -1734, -1823, -1809, -1755, -1671, -1625, -1484, -1478, -1566, -1561, -1490, -1471, -1442, -1346, -1467, -1592, -1575, -1541, -1567, -1448, -1412, -1521, -1529, -1650, -1720, -1732, -1819, -1909, -1772, -1684, -1755, -1734, -1781, -1909, -1872, -1852, -1652, -1447, -1365, -1156, -1048, -934, -875, -694, -555, -277, -106, ;


Frequency: 373, Amplitude pozitiv: 3289, Amplitude negativ: 348, .-<<||||   103, 193, 513, 702, 880, 1072, 1357, 1629, 1964, 2419, 2628, 3000, 3381, 3731, 4037, 4216, 4524, 4926, 5218, 5437, 5562, 5488, 5370, 5208, 5096, 5078, 5124, 5262, 5211, 4991, 4600, 4122, 3643, 3286, 3199, 3104, 3089, 3009, 2450, 1851, 1199, 267, -104, -154, -128, -126, -135, -172, -376, -399, -627, -732, -554, -623, -531, -470, -374, -279, -138, ;


Frequency: 214, Amplitude pozitiv: 596, Amplitude negativ: 1784, .-<<||||   66, 335, 593, 804, 868, 771, 680, 627, 606, 582, 764, 751, 867, 831, 604, 310, 88, -85, -295, -249, -299, -234, -455, -691, -1071, -1447, -1472, -1847, -2122, -2396, -2592, -2671, -2730, -2657, -2732, -2832, -2821, -2846, -2852, -2922, -2991, -3077, -2881, -2642, -2412, -2177, -1995, -1978, -2010, -1846, -1833, -1761, -1795, -1695, -1530, -1506, -1458, -1363, -1444, -1586, -1481, -1560, -1490, -1389, -1353, -1384, -1456, -1530, -1612, -1640, -1801, -2026, -2113, -2185, -2267, -2237, -2333, -2247, -2245, -2257, -2224, -2345, -2293, -2328, -2462, -2435, -2296, -2262, -2116, -1875, -1671, -1648, -1558, -1442, -1434, -1377, -1112, -1027, -758, -654, -516, -412, -288, ;


Frequency: 424, Amplitude pozitiv: 3104, Amplitude negativ: 44, .-<<||||   70, 131, 521, 736, 1085, 1461, 1719, 2070, 2445, 2882, 3030, 3377, 3868, 4325, 4663, 5046, 5411, 5771, 5946, 5836, 5512, 5264, 5094, 5103, 5340, 5608, 5459, 5280, 4896, 4385, 3992, 3834, 3731, 3676, 3741, 3429, 2853, 2211, 1418, 644, 384, 166, 3, 167, 161, 43, -10, -31, -98, -66, -13, -46, ;


Frequency: 204, Amplitude pozitiv: 1025, Amplitude negativ: 2316, .-<<||||   123, 291, 479, 484, 641, 938, 1188, 1527, 1723, 1851, 1794, 1733, 1737, 1742, 1668, 1637, 1659, 1555, 1419, 1102, 812, 582, 390, 286, 149, 153, 19, -306, -694, -1032, -1353, -1863, -2139, -2250, -2498, -2743, -2835, -3177, -3239, -3352, -3552, -3674, -3477, -3393, -3470, -3402, -3466, -3359, -3288, -3156, -2927, -2701, -2622, -2520, -2444, -2441, -2352, -2291, -2218, -2040, -2043, -2015, -2025, -2065, -2112, -2171, -2050, -1885, -1817, -1761, -1813, -1804, -1993, -2103, -2191, -2180, -2291, -2576, -2492, -2569, -2533, -2591, -2651, -2721, -2743, -2742, -2846, -2932, -3101, -3054, -2931, -2889, -2729, -2564, -2357, -2132, -2096, -1994, -1869, -1796, -1622, -1512, -1401, -1202, -969, -662, -503, -242, ;


Frequency: 136, Amplitude pozitiv: 2778, Amplitude negativ: 2575, .-<<||||   38, 483, 802, 1175, 1699, 2069, 2370, 2679, 3012, 3374, 3914, 4361, 4762, 5152, 5518, 5966, 6443, 6855, 7003, 7043, 6826, 6506, 6317, 6421, 6702, 6956, 6975, 6645, 6249, 5514, 5149, 4911, 4855, 4940, 4897, 4460, 3788, 3022, 2131, 1350, 861, 764, 736, 887, 928, 957, 800, 582, 398, 198, 194, 218, 390, 609, 657, 800, 1057, 1331, 1677, 1884, 2184, 2324, 2222, 2027, 1745, 1783, 1903, 1994, 1968, 1897, 1674, 1320, 1016, 791, 512, 399, 384, 378, 371, 95, -406, -826, -1385, -1715, -2022, -2298, -2314, -2564, -2865, -3144, -3264, -3405, -3409, -3497, -3439, -3396, -3438, -3401, -3542, -3417, -3171, -3068, -2965, -2676, -2443, -2405, -2415, -2293, -2407, -2388, -2287, -2200, -2019, -2034, -1961, -2121, -2141, -2179, -2146, -1996, -1924, -1863, -1977, -2082, -2267, -2522, -2512, -2594, -2702, -2820, -2926, -3125, -3250, -3352, -3515, -3482, -3482, -3510, -3553, -3518, -3521, -3667, -3613, -3527, -3501, -3306, -3182, -2913, -2737, -2639, -2630, -2610, -2599, -2418, -2122, -1929, -1690, -1484, -1198, -1029, -616, -193, ;


Frequency: 135, Amplitude pozitiv: 3089, Amplitude negativ: 3100, .-<<||||   5, 427, 822, 1218, 1733, 2146, 2592, 2923, 3324, 3945, 4400, 4896, 5383, 5933, 6406, 6778, 7146, 7222, 7044, 6550, 6282, 6129, 6416, 6754, 7028, 6943, 6499, 5980, 5374, 5086, 4786, 4886, 5039, 4886, 4446, 3613, 2799, 1821, 1232, 932, 881, 1113, 1257, 1330, 1283, 1164, 907, 794, 664, 692, 797, 1147, 1544, 1755, 1745, 2027, 2217, 2487, 2884, 3134, 3241, 2986, 2861, 2731, 2713, 2661, 2588, 2623, 2513, 2237, 2059, 1706, 1288, 886, 860, 738, 606, 740, 386, -83, -763, -1377, -1739, -1914, -2216, -2221, -2330, -2705, -3037, -3397, -3435, -3601, -3662, -3617, -3686, -3802, -3758, -3777, -3591, -3347, -3235, -3155, -2984, -2887, -2873, -2884, -3032, -2987, -2981, -3040, -3051, -2890, -2846, -2845, -2946, -2912, -2909, -3058, -2965, -2825, -2956, -3014, -3090, -3349, -3408, -3382, -3536, -3599, -3727, -3911, -4085, -4105, -4215, -4399, -4371, -4416, -4343, -4339, -4367, -4468, -4473, -4470, -4309, -4202, -4138, -3876, -3790, -3605, -3421, -3472, -3473, -3294, -3073, -2879, -2553, -2357, -1965, -1784, -1573, -1296, -957, -682, -323, ;


Frequency: 133, Amplitude pozitiv: 3470, Amplitude negativ: 3667, .-<<||||   265, 743, 1089, 1488, 1860, 2267, 2565, 3006, 3552, 4181, 4914, 5356, 5862, 6257, 6906, 7263, 7396, 7265, 6756, 6488, 6445, 6771, 7245, 7538, 7494, 7141, 6623, 5860, 5482, 5260, 5176, 5323, 5445, 5318, 4540, 3682, 2639, 1791, 1229, 1283, 1482, 1619, 1842, 1755, 1833, 1834, 1673, 1555, 1509, 1447, 1547, 1903, 2038, 2155, 2480, 2716, 2994, 3310, 3593, 3860, 3803, 3548, 3529, 3451, 3314, 3263, 3201, 3143, 2834, 2494, 2226, 1863, 1469, 1301, 1112, 991, 903, 662, 165, -478, -886, -1290, -1625, -2014, -2378, -2649, -3227, -3620, -3631, -3782, -3944, -3938, -3842, -4025, -4183, -4246, -4418, -4298, -4107, -3893, -3542, -3342, -3332, -3367, -3485, -3607, -3545, -3487, -3482, -3563, -3434, -3385, -3415, -3349, -3301, -3438, -3518, -3336, -3461, -3500, -3693, -3946, -4076, -4011, -3979, -4188, -4332, -4581, -4732, -4892, -4965, -5070, -5199, -5125, -4896, -5014, -5208, -5210, -5265, -5408, -5413, -5185, -5056, -4856, -4746, -4575, -4670, -4618, -4593, -4533, -4444, -4278, -3959, -3580, -3343, -3098, -2829, -2787, -2489, -2191, -1857, -1433, -944, -640, -143, ;


Frequency: 132, Amplitude pozitiv: 3822, Amplitude negativ: 3813, .-<<||||   330, 647, 1070, 1575, 2026, 2514, 3240, 3765, 4256, 4641, 5107, 5647, 6139, 6628, 7220, 7691, 7882, 7924, 7549, 7264, 7087, 7175, 7600, 7976, 8116, 7926, 7373, 6590, 6137, 5765, 5585, 5734, 6125, 5969, 5308, 4497, 3485, 2507, 2046, 1933, 1947, 2130, 2472, 2690, 2567, 2514, 2235, 1878, 1916, 1801, 1880, 2276, 2475, 2670, 2873, 3228, 3421, 3621, 3881, 4042, 3928, 3770, 3664, 3361, 3285, 3290, 3124, 2953, 2674, 2407, 1957, 1669, 1426, 1094, 882, 629, 672, 486, 148, -307, -814, -1218, -1754, -2078, -2354, -2616, -2897, -3071, -3217, -3265, -3365, -3509, -3565, -3725, -3812, -3871, -3803, -3805, -3700, -3738, -3586, -3280, -3323, -3281, -3303, -3490, -3378, -3554, -3858, -3845, -3850, -3829, -3621, -3749, -3842, -3950, -4224, -4326, -4496, -4483, -4418, -4418, -4493, -4526, -4690, -4914, -5136, -5161, -5317, -5366, -5304, -5386, -5332, -5335, -5427, -5553, -5541, -5503, -5681, -5593, -5721, -5773, -5651, -5485, -5180, -5010, -4878, -4664, -4641, -4617, -4406, -4289, -4190, -4011, -3600, -3292, -2971, -2829, -2669, -2476, -2102, -1846, -1362, -877, -398, -5, ;


Frequency: 132, Amplitude pozitiv: 4341, Amplitude negativ: 4016, .-<<||||   533, 994, 1401, 1884, 2241, 2825, 3422, 3989, 4511, 5181, 5627, 6213, 6734, 7394, 7976, 8360, 8636, 8569, 8237, 7953, 7766, 7957, 8388, 8803, 9159, 9002, 8425, 7727, 7124, 6720, 6553, 6611, 7059, 6984, 6364, 5594, 4575, 3594, 2754, 2562, 2667, 2731, 3043, 3143, 3189, 3204, 2947, 2696, 2473, 2436, 2386, 2503, 2705, 2803, 2967, 3204, 3448, 3695, 3920, 3973, 3828, 3597, 3428, 3131, 2842, 2659, 2671, 2494, 2305, 2008, 1562, 1253, 759, 477, 271, 130, -40, -186, -358, -774, -1349, -1940, -2391, -2867, -3227, -3432, -3597, -3618, -3665, -3643, -3697, -3882, -3978, -4053, -4123, -4181, -4036, -3792, -3793, -3756, -3751, -3615, -3498, -3358, -3402, -3446, -3546, -3746, -3784, -3857, -3754, -3851, -3945, -3985, -4128, -4417, -4557, -4776, -4861, -4816, -4862, -4675, -4683, -4828, -4962, -5092, -5305, -5559, -5624, -5802, -5779, -5730, -5600, -5605, -5760, -5856, -5984, -5966, -5963, -6070, -6033, -5962, -5827, -5654, -5561, -5353, -5220, -5123, -5057, -4929, -4781, -4723, -4581, -4219, -3892, -3802, -3665, -3437, -3124, -3000, -2696, -2072, -1625, -1277, -570, -116, ;


Frequency: 134, Amplitude pozitiv: 4396, Amplitude negativ: 3995, .-<<||||   218, 739, 1147, 1655, 2029, 2632, 3199, 3898, 4738, 5329, 5870, 6576, 7046, 7727, 8143, 8599, 8891, 8911, 8811, 8327, 8419, 8387, 8655, 8995, 9284, 9232, 8759, 8134, 7642, 7333, 7075, 6814, 7055, 7194, 6634, 5844, 4917, 3771, 2910, 2665, 2602, 2646, 2881, 3105, 3121, 3096, 2918, 2624, 2516, 2283, 2131, 2168, 2436, 2601, 2698, 2989, 3244, 3504, 3669, 3964, 3891, 3680, 3421, 3085, 3041, 2985, 2784, 2765, 2553, 2219, 1964, 1662, 1169, 788, 529, 350, 269, -2, -190, -631, -1125, -1686, -2172, -2536, -2988, -3196, -3465, -3693, -3661, -3675, -3688, -3725, -3992, -4212, -4188, -4273, -4412, -4389, -4306, -4267, -4080, -3912, -3822, -3747, -3634, -3722, -4035, -4152, -4126, -4434, -4446, -4326, -4417, -4454, -4393, -4436, -4533, -4689, -4756, -4582, -4598, -4595, -4530, -4564, -4833, -4883, -5026, -5260, -5411, -5618, -5697, -5538, -5394, -5305, -5408, -5502, -5389, -5558, -5572, -5541, -5530, -5441, -5379, -5328, -5175, -4900, -4807, -4650, -4555, -4462, -4234, -4160, -3953, -3645, -3499, -3355, -3058, -2705, -2410, -2177, -1859, -1554, -912, -494, ;


Frequency: 133, Amplitude pozitiv: 4419, Amplitude negativ: 4029, .-<<||||   4, 581, 1031, 1537, 1873, 2401, 2836, 3306, 3921, 4558, 5257, 5941, 6452, 7127, 7734, 8087, 8726, 9270, 9278, 8821, 8583, 8392, 8351, 8659, 9142, 9502, 9449, 9069, 8571, 7974, 7570, 7329, 7011, 7126, 7120, 6614, 5981, 5040, 3911, 2928, 2660, 2607, 2632, 2910, 3058, 3160, 3186, 3083, 2708, 2472, 2303, 2248, 2249, 2649, 2867, 3062, 3338, 3633, 3988, 4122, 4359, 4413, 4332, 4137, 3880, 3588, 3505, 3426, 3236, 3116, 2805, 2411, 2134, 1719, 1244, 1077, 855, 670, 648, 413, 28, -433, -843, -1455, -1899, -2228, -2596, -2953, -3224, -3222, -3254, -3294, -3284, -3353, -3521, -3607, -3713, -3932, -3926, -3838, -3719, -3574, -3356, -3132, -3099, -3250, -3364, -3545, -3692, -3875, -4087, -4100, -3951, -3897, -3873, -3665, -3945, -4248, -4550, -4550, -4652, -4675, -4568, -4727, -4677, -4529, -4755, -4946, -5027, -5363, -5551, -5786, -5902, -5909, -5855, -5759, -5843, -5915, -5959, -5999, -6103, -6248, -6253, -6248, -6125, -5730, -5243, -4954, -4846, -4755, -4633, -4683, -4523, -4323, -4027, -3695, -3452, -3111, -2847, -2717, -2377, -2084, -1614, -1041, -399, ;


Frequency: 132, Amplitude pozitiv: 4448, Amplitude negativ: 4070, .-<<||||   338, 848, 1239, 1629, 2236, 2565, 3056, 3614, 4188, 4894, 5539, 6109, 6717, 7312, 7978, 8570, 9001, 9423, 9228, 8767, 8675, 8569, 8631, 9134, 9458, 9496, 9327, 8923, 8266, 7755, 7364, 7170, 7321, 7358, 7043, 6302, 5519, 4459, 3193, 2665, 2658, 2715, 2804, 3180, 3174, 3059, 3128, 2853, 2577, 2411, 2278, 2081, 2293, 2684, 2873, 3179, 3430, 3669, 3821, 4125, 4465, 4320, 4019, 3876, 3506, 3423, 3433, 3221, 2935, 2596, 2296, 2034, 1806, 1350, 1055, 917, 650, 659, 418, 12, -478, -976, -1396, -1898, -2189, -2548, -2864, -3148, -3251, -3162, -3146, -3071, -3218, -3468, -3507, -3521, -3536, -3576, -3666, -3635, -3486, -3261, -3016, -2853, -2788, -2902, -3150, -3175, -3269, -3404, -3461, -3684, -3784, -3723, -3666, -3848, -3897, -4129, -4330, -4500, -4639, -4551, -4513, -4653, -4782, -4809, -5036, -5229, -5547, -5734, -5917, -5917, -5994, -6014, -5940, -6123, -6280, -6377, -6353, -6553, -6586, -6538, -6565, -6448, -6399, -6106, -5812, -5637, -5464, -5220, -5123, -5111, -4871, -4669, -4558, -4334, -3796, -3616, -3262, -3011, -2732, -2274, -1925, -1342, -836, -285, ;


Frequency: 136, Amplitude pozitiv: 4450, Amplitude negativ: 4277, .-<<||||   122, 650, 1133, 1741, 2369, 2899, 3389, 3874, 4391, 5004, 5715, 6369, 7096, 7698, 8380, 8763, 9005, 8589, 8200, 8072, 8104, 8652, 9093, 9276, 9255, 8931, 8430, 7986, 7633, 7272, 7080, 7322, 7343, 7046, 6300, 5094, 3782, 2947, 2808, 2724, 2868, 3299, 3403, 3476, 3478, 3449, 3184, 2784, 2562, 2027, 1946, 2522, 3017, 3300, 3402, 3190, 3270, 3648, 4248, 4677, 4469, 3875, 3568, 3742, 4052, 4158, 3764, 3111, 2557, 2243, 2381, 2248, 1785, 1384, 1019, 818, 1005, 799, 290, -601, -1520, -2053, -2188, -2306, -2859, -3481, -4064, -4402, -4266, -4155, -4326, -4575, -4930, -5267, -5380, -5164, -5022, -5077, -5324, -5312, -4838, -4119, -3513, -3309, -3657, -3761, -3619, -3212, -2721, -2628, -2693, -2892, -2679, -2396, -2151, -2350, -2870, -3083, -3282, -3170, -2928, -3098, -3722, -4416, -4629, -4583, -4513, -4708, -5203, -5883, -6271, -6271, -6202, -6344, -6607, -7094, -7264, -7260, -7017, -6884, -7131, -7305, -7286, -6952, -6287, -5555, -5579, -5688, -5796, -5571, -5013, -4465, -4062, -4001, -3640, -3152, -2321, -1600, -1398, -1073, -746, ;


Frequency: 537, Amplitude pozitiv: 6574, Amplitude negativ: 3045, .-<<||||   46, 1341, 2350, 2905, 3321, 3861, 4642, 5734, 6921, 7863, 8441, 9114, 10263, 10932, 12531, 14570, 14227, 12437, 9168, 6075, 3890, 3505, 5429, 6229, 4314, 819, -2409, -4281, -3983, -1712, -1, -314, -2442, -3322, -3460, -3494, -3855, -4550, -5748, -5096, -1022, ;


Frequency: 882, Amplitude pozitiv: 9088, Amplitude negativ: 1260, .-<<||||   3748, 6935, 7303, 6441, 6157, 7473, 10596, 13319, 13266, 11095, 8916, 8151, 9152, 10416, 10587, 10354, 10560, 11842, 13338, 13318, 10272, 5194, 593, -1610, -910, ;


Frequency: 1225, Amplitude pozitiv: 363, Amplitude negativ: 2075, .-<<||||   288, 438, -996, -3130, -4482, -4066, -2865, -1901, -1408, -1425, -985, -247, -1, -341, -2086, -3556, -3630, -2089, ;


Frequency: 286, Amplitude pozitiv: 1408, Amplitude negativ: 5016, .-<<||||   315, 1876, 2090, 1191, 404, 802, 2014, 2752, 2093, 544, -792, -1584, -1940, -2469, -3347, -4200, -4180, -2645, -745, -1, -413, -1930, -3416, -4146, -4104, -4028, -4885, -5838, -5871, -5598, -4969, -4314, -4360, -4838, -4987, -4642, -4454, -4847, -5918, -6975, -7634, -7805, -7440, -7428, -7794, -8299, -8487, -8280, -7914, -7763, -7993, -8349, -8664, -8633, -8503, -8661, -8964, -9128, -8684, -7767, -6755, -5803, -5503, -5362, -5056, -4656, -4193, -3672, -3355, -3111, -2903, -2537, -1993, -1638, -1448, -1072, -406, ;


Frequency: 512, Amplitude pozitiv: 6321, Amplitude negativ: 4146, .-<<||||   268, 1191, 1949, 2342, 2702, 3271, 4271, 5457, 6589, 7562, 8541, 9132, 9830, 10307, 10991, 12034, 12688, 13577, 14196, 14612, 13854, 10392, 4136, 1, 1, 1, 756, 2594, 87, -6752, -11975, -12340, -8683, -3505, -47, -420, -3087, -3590, -2061, -1201, -1736, -1931, -719, ;


Frequency: 648, Amplitude pozitiv: 10406, Amplitude negativ: 6884, .-<<||||   3672, 11395, 17646, 18330, 15235, 12250, 11970, 14813, 18517, 18983, 15231, 10054, 6810, 6015, 6580, 6821, 6200, 5538, 6018, 7313, 6723, 2829, -3685, -9992, -13552, -12909, -9389, -6177, -4905, -5611, -6144, -5429, -3584, -1241, ;


Frequency: 256, Amplitude pozitiv: 2642, Amplitude negativ: 4411, .-<<||||   646, 1663, 2217, 2890, 3139, 2644, 1537, 928, 1329, 3299, 5888, 7118, 6359, 4427, 2265, 912, 875, 1155, 923, -188, -1843, -3231, -3944, -4135, -4284, -3735, -3003, -1726, -191, -1, -494, -2001, -3062, -3834, -3950, -3691, -3683, -4196, -4280, -3602, -3041, -2700, -2620, -3014, -4040, -4632, -5197, -6037, -7033, -7505, -7099, -6494, -5921, -5809, -6313, -6989, -7054, -6768, -6540, -6483, -6687, -6844, -7068, -7212, -7380, -7633, -7679, -7427, -6658, -5817, -5258, -5246, -5519, -5786, -5655, -4868, -3865, -3246, -2770, -2574, -2563, -2335, -2059, -1554, -1043, -481, ;


Frequency: 595, Amplitude pozitiv: 7630, Amplitude negativ: 5381, .-<<||||   353, 1265, 2008, 2453, 3010, 3892, 4956, 6584, 8321, 9391, 9927, 10551, 10744, 11349, 12206, 13206, 13939, 14146, 12916, 8186, 846, -5112, -7372, -5620, -1146, -1, -3175, -10417, -15670, -15681, -10373, -3090, -1, -1020, -2886, -2656, -1886, ;


Frequency: 595, Amplitude pozitiv: 9468, Amplitude negativ: 6558, .-<<||||   33, 708, 993, 2334, 8174, 17095, 22345, 23039, 19670, 15166, 13639, 15487, 18554, 18470, 14300, 8906, 5279, 4742, 5543, 6317, 5970, 5123, 4874, 4981, 4172, 267, -6573, -12999, -16350, -14623, -9127, -4071, -1219, -1594, -3022, -2496, -73, ;


Frequency: 256, Amplitude pozitiv: 4962, Amplitude negativ: 4325, .-<<||||   2689, 4824, 5675, 5453, 5322, 5376, 5208, 3605, 2363, 2516, 3866, 7189, 9315, 8538, 5676, 1782, -1219, -2021, -1634, -1995, -3241, -5029, -6458, -6215, -4891, -3562, -2418, -1826, -849, -1, -1, -1, -1203, -3398, -4742, -4800, -3644, -2483, -2309, -2746, -3117, -2924, -2269, -2100, -2754, -4247, -6214, -7197, -7578, -7749, -7682, -7731, -7615, -6951, -6003, -5684, -5838, -6371, -7183, -7313, -6866, -6626, -6724, -7090, -7627, -7937, -7510, -6761, -6115, -5623, -5669, -5625, -5311, -4985, -4882, -4757, -4509, -4017, -3286, -2430, -1617, -1191, -1293, -1393, -1140, -562, ;


Frequency: 565, Amplitude pozitiv: 7431, Amplitude negativ: 6050, .-<<||||   255, 975, 1380, 1628, 2326, 3063, 4295, 5249, 6079, 6798, 7640, 8997, 10557, 11635, 12448, 13120, 13245, 14022, 14530, 12233, 5596, -3438, -9680, -11057, -6127, -1, -1, -4652, -14406, -19356, -16924, -8780, -600, -1, -1151, -4873, -5086, -2538, -240, ;


Frequency: 11025, Amplitude pozitiv: 6, Amplitude negativ: 212, .-<<||||   6, -212, ;


Frequency: 760, Amplitude pozitiv: 9823, Amplitude negativ: 10524, .-<<||||   2180, 9822, 19741, 25955, 24707, 18343, 12297, 10756, 14047, 17680, 16753, 10888, 4000, 268, 951, 3617, 5300, 4907, 3528, 3337, 3955, 3090, -1954, -10151, -17487, -20129, -15953, -7700, -294, ;


Frequency: 5512, Amplitude pozitiv: 1804, Amplitude negativ: 1222, .-<<||||   2529, 1080, -1193, -1252, ;


Frequency: 816, Amplitude pozitiv: 6002, Amplitude negativ: 3270, .-<<||||   1828, 5806, 7997, 7890, 6521, 5711, 5986, 5757, 4354, 2740, 2465, 4718, 8509, 10995, 9695, 5071, -467, -3897, -3969, -2408, -1274, -2052, -4433, -6364, -6162, -3748, -1206, ;


Frequency: 361, Amplitude pozitiv: 1179, Amplitude negativ: 4680, .-<<||||   430, 881, 1145, 1707, 2035, 1924, 137, -2790, -4596, -4099, -2063, -128, -1, -691, -2451, -3147, -2937, -2860, -3211, -4659, -6676, -7866, -8023, -7706, -7047, -6629, -6145, -5459, -4861, -4799, -5713, -6675, -7560, -7579, -6922, -6054, -5482, -5840, -6522, -6964, -7114, -6966, -6648, -6616, -6532, -6373, -6022, -5462, -5127, -4866, -4759, -4192, -3465, -2723, -2176, -2191, -2390, -2372, -1735, -798, -74, ;


Frequency: 580, Amplitude pozitiv: 6916, Amplitude negativ: 7125, .-<<||||   361, 655, 1084, 1790, 2945, 3922, 4434, 4600, 4881, 5588, 7067, 8938, 10376, 11681, 12381, 12862, 13548, 14373, 13662, 9342, 764, -8340, -13088, -11641, -4810, -1, -77, -8824, -18424, -21166, -15534, -4973, -1, -1, -1203, -5447, -5255, -2355, ;


Frequency: 711, Amplitude pozitiv: 8755, Amplitude negativ: 11441, .-<<||||   115, 923, 1252, 5124, 14085, 23806, 28099, 24536, 16655, 10373, 9926, 14034, 17440, 15169, 8046, 831, 1, 1, 3368, 5494, 4540, 2614, 1963, 1733, -206, -6008, -14263, -20451, -20822, -14048, -4292, ;


Frequency: 711, Amplitude pozitiv: 5065, Amplitude negativ: 4057, .-<<||||   2702, 4128, 1467, 1, 96, 4375, 8596, 9990, 8667, 6485, 5232, 5160, 4979, 3769, 2537, 2952, 5912, 9396, 10536, 7627, 1768, -3892, -6378, -5521, -3396, -2287, -3248, -4851, -5365, -3956, -1680, ;


Frequency: 350, Amplitude pozitiv: 1631, Amplitude negativ: 4208, .-<<||||   66, 742, 700, 1332, 2642, 3464, 2472, -290, -3502, -4924, -3779, -1295, -1, -1, -720, -2428, -3094, -3020, -2995, -4118, -5994, -7457, -7786, -7505, -6877, -6350, -6322, -6097, -5538, -4704, -4438, -5004, -6134, -6929, -7228, -6791, -6044, -5638, -5549, -5557, -5466, -5410, -5522, -6112, -6658, -6827, -6153, -4986, -4104, -3721, -3843, -4043, -3764, -2957, -2032, -1124, -824, -1063, -1610, -1858, -1667, -1274, -574, ;


Frequency: 612, Amplitude pozitiv: 7652, Amplitude negativ: 7594, .-<<||||   445, 1585, 2754, 3660, 4176, 4077, 4021, 4605, 5768, 8063, 10033, 11882, 12754, 12871, 13478, 13809, 14357, 11850, 5200, -4744, -12408, -13826, -8883, -1175, -1, -4008, -15437, -22695, -20641, -11032, -183, -1, -1, -4042, -6186, -3842, ;


Frequency: 711, Amplitude pozitiv: 8566, Amplitude negativ: 13319, .-<<||||   26, 2183, 2579, 3656, 9776, 19885, 27745, 27894, 21456, 13324, 8990, 11063, 16011, 17251, 12209, 4075, 1, 1, 1133, 4704, 5186, 3323, 1030, 580, 81, -3294, -10257, -17978, -21643, -18079, -8664, ;


Frequency: 711, Amplitude pozitiv: 5092, Amplitude negativ: 3422, .-<<||||   815, 5636, 4442, 745, 1, 1400, 6268, 9877, 10148, 7745, 5533, 4962, 5208, 4930, 3720, 2774, 3713, 6640, 9169, 8723, 4493, -1638, -6040, -6408, -4000, -1467, -1225, -2996, -4622, -4147, -1685, ;


Frequency: 350, Amplitude pozitiv: 1826, Amplitude negativ: 4233, .-<<||||   839, 2015, 1489, 957, 1405, 2711, 3471, 1724, -1508, -4482, -5371, -3614, -943, -1, -820, -3020, -4599, -4830, -4179, -3868, -5178, -7190, -8242, -7781, -6359, -4845, -4465, -5141, -5757, -5623, -5028, -4592, -4499, -5157, -5961, -5966, -5066, -3981, -3567, -3945, -4679, -5396, -5728, -6109, -6696, -7201, -7143, -6344, -4956, -3538, -3045, -3246, -3851, -4323, -3650, -2255, -837, -330, -880, -1773, -2263, -1988, -1014, ;


Frequency: 580, Amplitude pozitiv: 7510, Amplitude negativ: 8096, .-<<||||   49, 1110, 2268, 3087, 3728, 3838, 3525, 3299, 4119, 6248, 8986, 11591, 12634, 12435, 11507, 11409, 12675, 14648, 15798, 12035, 2737, -8878, -15804, -15399, -8280, -221, -1, -7236, -19078, -24169, -19655, -8797, -1, -1, -1, -4249, -4478, -1398, ;


Frequency: 711, Amplitude pozitiv: 8544, Amplitude negativ: 9704, .-<<||||   1252, 1837, 721, 2520, 10729, 22217, 29344, 27837, 20312, 11784, 8008, 10568, 14643, 14057, 7715, 1, 1, 1, 1, 2139, 2086, 209, -1230, -1170, -1502, -4812, -11906, -19251, -21832, -17499, -8136, ;


Frequency: 711, Amplitude pozitiv: 5274, Amplitude negativ: 4038, .-<<||||   1179, 6131, 5374, 2696, 1567, 4061, 8408, 10903, 10517, 8047, 5589, 4547, 4713, 4839, 4254, 3586, 4096, 5611, 6725, 5761, 2153, -2474, -5626, -5938, -4179, -2219, -2194, -4164, -5760, -5199, -2636, ;


Frequency: 355, Amplitude pozitiv: 1541, Amplitude negativ: 4507, .-<<||||   352, 2319, 2325, 1244, 792, 1518, 2224, 1561, -520, -3052, -4304, -3669, -2509, -2410, -3143, -4031, -4428, -3736, -3114, -3420, -5326, -7878, -9393, -9286, -7749, -5723, -4681, -4794, -5496, -6099, -5801, -5055, -4373, -4034, -3928, -4193, -4283, -3994, -4115, -5072, -6370, -7434, -7882, -7415, -6747, -6309, -6207, -6544, -6571, -6055, -5328, -4342, -3582, -2719, -1708, -814, -357, -761, -1453, -2082, -2033, -1102, ;


Frequency: 580, Amplitude pozitiv: 7951, Amplitude negativ: 8319, .-<<||||   339, 1731, 2761, 3136, 3293, 3737, 4114, 4965, 6098, 7585, 9659, 11002, 11923, 11928, 11647, 11811, 13080, 15367, 16050, 12946, 3809, -8085, -16067, -16334, -9379, -1324, -1, -6720, -19054, -24946, -20646, -9198, -1, -1, -1, -3135, -4560, -1974, ;


Frequency: 711, Amplitude pozitiv: 8358, Amplitude negativ: 9602, .-<<||||   1020, 2424, 1923, 2895, 10017, 21225, 29169, 29104, 21942, 12425, 6834, 7983, 11830, 12264, 7165, 1, 1, 1, 1, 1605, 2897, 1164, -864, -1737, -2033, -4598, -10538, -17518, -21428, -18449, -9259, ;


Frequency: 711, Amplitude pozitiv: 4960, Amplitude negativ: 4717, .-<<||||   1096, 7163, 7399, 4175, 1850, 3181, 7578, 11057, 10978, 8232, 4654, 2739, 2855, 3566, 3457, 2619, 2587, 3924, 5853, 6121, 3092, -2025, -6493, -8093, -6643, -4131, -3048, -3935, -5392, -5082, -2335, ;


Frequency: 361, Amplitude pozitiv: 1997, Amplitude negativ: 4159, .-<<||||   1318, 3861, 3891, 2216, 1120, 1308, 2101, 1959, 207, -2558, -4119, -3738, -2283, -1017, -1296, -2565, -3515, -3495, -3177, -3368, -4898, -7167, -8938, -9049, -7333, -5117, -3789, -3944, -4730, -5291, -4883, -3758, -2863, -2996, -3612, -4268, -4291, -3886, -3928, -4680, -6133, -7284, -7783, -7351, -6715, -6390, -6609, -6857, -6369, -5415, -4437, -3866, -3448, -2741, -1700, -433, -1, -1, -486, -977, -727, ;


Frequency: 565, Amplitude pozitiv: 8454, Amplitude negativ: 7636, .-<<||||   358, 1888, 2959, 3416, 3704, 4317, 4951, 5651, 6493, 7150, 8222, 9658, 11426, 12882, 12987, 12719, 12885, 13894, 15706, 15546, 10722, -458, -12169, -17345, -14455, -5269, -1, -1, -10603, -21862, -24344, -16546, -3495, -1, -1, -1, -4808, -4809, -1288, ;


Frequency: 711, Amplitude pozitiv: 8737, Amplitude negativ: 9554, .-<<||||   2103, 3154, 2589, 5417, 14118, 24840, 30452, 27613, 18847, 9828, 6199, 8878, 12561, 11654, 5332, 1, 1, 1, 1, 3201, 3754, 1684, -416, -1399, -2212, -6196, -13176, -19783, -21569, -15916, -5326, ;


Frequency: 711, Amplitude pozitiv: 5003, Amplitude negativ: 4635, .-<<||||   4626, 8843, 7189, 3370, 1638, 4182, 8677, 11515, 10346, 6696, 3240, 1892, 2473, 3160, 2868, 2201, 2827, 5002, 6821, 5913, 1591, -4214, -8487, -8970, -6353, -3484, -2316, -3063, -4056, -3619, -1791, ;


Frequency: 355, Amplitude pozitiv: 1661, Amplitude negativ: 3917, .-<<||||   602, 2290, 2541, 1786, 1538, 1923, 1910, 705, -1616, -3718, -4179, -2689, -197, -1, -1, -1740, -3700, -4449, -4041, -3852, -4796, -6280, -7392, -7589, -6341, -4728, -3766, -3735, -4384, -4888, -4718, -4143, -3760, -4087, -4718, -5191, -5011, -4422, -3946, -4106, -5236, -6616, -8109, -9009, -8729, -7879, -6676, -5698, -4955, -4619, -4135, -3370, -2838, -2165, -1209, -241, -1, -1, -98, -655, -846, -283, ;


Frequency: 580, Amplitude pozitiv: 8658, Amplitude negativ: 8178, .-<<||||   875, 2422, 4031, 5279, 5442, 5096, 4342, 4119, 4908, 7023, 9944, 12295, 13390, 13477, 13102, 13207, 14305, 16295, 16917, 12791, 2571, -9708, -16688, -15814, -7602, -1, -1, -6833, -19411, -24351, -18544, -5762, -1, -1, -1, -4761, -6392, -3167, ;


Frequency: 711, Amplitude pozitiv: 8867, Amplitude negativ: 10041, .-<<||||   1195, 3676, 3197, 4342, 11751, 23137, 30793, 29862, 21492, 10797, 5306, 7136, 11827, 12836, 7424, 1, 1, 1, 1, 3325, 4761, 2215, -904, -2572, -3071, -5363, -11287, -18325, -21960, -18374, -8517, ;


Frequency: 711, Amplitude pozitiv: 4699, Amplitude negativ: 4545, .-<<||||   2726, 8970, 8466, 4365, 1525, 3219, 7965, 11601, 11116, 7386, 2872, 520, 1226, 2828, 3519, 3039, 2720, 3569, 4968, 4641, 1458, -3509, -7641, -8990, -7342, -4233, -2567, -2823, -3769, -3268, -1315, ;


Frequency: 350, Amplitude pozitiv: 1316, Amplitude negativ: 4016, .-<<||||   462, 1414, 1201, 649, 692, 1770, 2647, 1696, -749, -3439, -4753, -3879, -1521, -1, -1, -956, -2597, -3946, -4716, -4975, -5834, -7054, -7774, -7142, -5783, -4577, -3632, -3670, -4406, -5246, -5242, -4554, -4089, -3875, -4288, -5039, -5471, -5057, -4133, -3570, -4005, -5395, -7361, -9035, -9837, -9559, -8245, -6635, -5368, -4272, -3590, -3046, -2464, -1975, -1389, -683, -376, -499, -851, -1178, -1535, -1415, -202, ;


Frequency: 595, Amplitude pozitiv: 8575, Amplitude negativ: 8365, .-<<||||   1579, 3585, 5157, 5809, 5519, 4265, 3652, 4296, 6358, 9039, 11451, 13253, 13247, 12895, 13244, 14134, 15946, 16121, 11463, 504, -10984, -16716, -15114, -6647, -1, -1, -9759, -21535, -24873, -18021, -4392, -1, -1, -1, -5228, -6293, -2652, ;


Frequency: 711, Amplitude pozitiv: 9314, Amplitude negativ: 9853, .-<<||||   2088, 4424, 3811, 5483, 13324, 24185, 31211, 29843, 21248, 11019, 6043, 8231, 12671, 13021, 7152, 1, 1, 1, 1, 3508, 5070, 2578, -670, -2510, -3369, -6006, -11542, -18383, -21667, -17339, -7194, ;


Frequency: 711, Amplitude pozitiv: 4583, Amplitude negativ: 4587, .-<<||||   3595, 9129, 8267, 3891, 1324, 3221, 7995, 11693, 11283, 7560, 2981, 433, 619, 1771, 2107, 1969, 2366, 3723, 5429, 5224, 1675, -3587, -7945, -9009, -6889, -3852, -2543, -3130, -4160, -3554, -1210, ;


Frequency: 355, Amplitude pozitiv: 1757, Amplitude negativ: 4004, .-<<||||   1431, 3205, 2745, 1322, 669, 1357, 2045, 1287, -949, -3773, -5202, -4303, -2182, -699, -544, -1839, -3420, -4047, -4090, -4819, -6547, -8433, -9268, -8608, -6669, -4372, -3356, -3536, -4454, -4825, -4560, -3711, -2742, -2844, -3390, -4355, -5052, -4955, -4371, -4109, -4685, -5827, -7040, -7957, -8136, -7624, -6883, -6021, -5387, -4697, -4120, -3487, -2828, -2073, -806, -1, -1, -1, -2, -764, -1091, -801, ;


Frequency: 580, Amplitude pozitiv: 8214, Amplitude negativ: 8157, .-<<||||   323, 1984, 3530, 4658, 5099, 4776, 4298, 4535, 5299, 7021, 9307, 11386, 12611, 12830, 12197, 12143, 13178, 15058, 15934, 12586, 3749, -8218, -15951, -16189, -9353, -978, -1, -6264, -18309, -24136, -19855, -7660, -1, -1, -1, -3202, -5652, -2899, ;


Frequency: 711, Amplitude pozitiv: 8907, Amplitude negativ: 9320, .-<<||||   1713, 4197, 3745, 4156, 10045, 20965, 29861, 30945, 23811, 13143, 6109, 6344, 10646, 12387, 8431, 213, 1, 1, 1, 1897, 4306, 3045, -28, -2006, -2327, -3905, -8716, -15817, -20983, -19358, -10747, ;


Frequency: 711, Amplitude pozitiv: 5374, Amplitude negativ: 4556, .-<<||||   442, 8262, 9487, 6248, 2929, 3801, 8440, 12730, 13495, 10007, 4827, 1262, 869, 2284, 3276, 3234, 3028, 3640, 5057, 5745, 3801, -888, -6021, -8619, -7872, -5201, -3000, -3051, -4198, -4285, -2428, ;


Frequency: 355, Amplitude pozitiv: 1972, Amplitude negativ: 4341, .-<<||||   719, 3427, 4092, 2803, 1261, 1154, 1967, 1992, 334, -2651, -4937, -5399, -3821, -1816, -903, -1206, -2500, -3706, -4399, -5018, -6657, -8767, -10293, -10171, -8322, -5624, -3295, -2825, -3642, -4660, -5134, -4352, -3202, -2624, -3255, -4589, -5580, -5854, -4948, -4332, -4597, -5698, -7347, -8578, -8733, -8062, -7202, -6768, -6457, -5874, -5060, -3846, -2653, -1863, -1106, -202, -1, -1, -1, -314, -698, -565, ;


Frequency: 580, Amplitude pozitiv: 8734, Amplitude negativ: 7046, .-<<||||   476, 2211, 3866, 5121, 6112, 6106, 5637, 5358, 6070, 7578, 9798, 11989, 13086, 13218, 12552, 12510, 13588, 15280, 14685, 9441, -1024, -11605, -15832, -12429, -4090, -1, -936, -12006, -22032, -22696, -13018, -1, -1, -1, -1, -5567, -5202, -390, ;


Frequency: 711, Amplitude pozitiv: 9086, Amplitude negativ: 10086, .-<<||||   4387, 5558, 4367, 5779, 13745, 24853, 31361, 29298, 19986, 9621, 4834, 7155, 11541, 11422, 5184, 1, 1, 1, 1, 3744, 5016, 2049, -1497, -3234, -3711, -6089, -11547, -18350, -21665, -17487, -7196, ;


Frequency: 711, Amplitude pozitiv: 5341, Amplitude negativ: 4995, .-<<||||   3845, 9458, 8877, 4973, 2765, 5036, 10365, 14009, 13033, 8366, 2929, 193, 558, 2192, 2768, 2241, 2017, 3300, 5304, 6137, 3811, -1396, -6633, -9476, -8849, -6055, -3872, -3671, -4562, -3971, -1466, ;


Frequency: 350, Amplitude pozitiv: 2575, Amplitude negativ: 4342, .-<<||||   1773, 4175, 4483, 2923, 1353, 1489, 2405, 2000, -251, -3478, -5704, -5402, -2784, -419, -1, -294, -1929, -3607, -4393, -5090, -6715, -8650, -9953, -9582, -7719, -5054, -3355, -3388, -4482, -5556, -5197, -3876, -2512, -2359, -3435, -5029, -6471, -6602, -5630, -4963, -5498, -6789, -8195, -8998, -8588, -7814, -7285, -6868, -6568, -5947, -5086, -4092, -3200, -2792, -1979, -1034, -204, -1, -355, -936, -1385, -1166, -185, ;


Frequency: 580, Amplitude pozitiv: 7997, Amplitude negativ: 7241, .-<<||||   1319, 2758, 3825, 4401, 4403, 3806, 3712, 4454, 5956, 7975, 9741, 11044, 11002, 10716, 10788, 11692, 13737, 15921, 16083, 11869, 2742, -8980, -16180, -15917, -8554, -819, -1, -4851, -15891, -21233, -17292, -5888, -1, -1, -1, -1107, -4081, -2301, ;


Frequency: 689, Amplitude pozitiv: 8806, Amplitude negativ: 8552, .-<<||||   1263, 3554, 3873, 4606, 10424, 20746, 29447, 30645, 24197, 14033, 6392, 5668, 9654, 11682, 7826, 54, 1, 1, 1, 1822, 4652, 3205, -223, -2338, -2437, -3149, -7697, -14977, -20843, -20503, -12515, -840, ;


Frequency: 735, Amplitude pozitiv: 5250, Amplitude negativ: 4811, .-<<||||   8146, 10537, 7681, 4140, 4353, 8422, 12547, 13028, 9192, 3876, 447, 584, 3210, 5043, 4329, 2460, 1556, 2335, 3822, 3813, 738, -3954, -7803, -8869, -7005, -4237, -2906, -3108, -3317, -2100, ;


Frequency: 350, Amplitude pozitiv: 3065, Amplitude negativ: 4368, .-<<||||   482, 3402, 4872, 4505, 3427, 2603, 2834, 3220, 2247, -675, -4087, -6520, -6523, -4528, -1939, -306, -543, -2226, -4171, -5939, -7342, -8701, -9816, -9895, -8663, -6268, -3775, -2542, -2728, -3900, -4443, -3458, -1590, -358, -981, -3115, -5833, -7180, -6983, -6016, -5856, -6818, -8185, -8863, -8039, -6764, -6041, -6561, -7714, -8049, -6923, -4639, -2236, -915, -804, -1428, -1444, -935, -416, -151, -606, -1025, -418, ;


Frequency: 551, Amplitude pozitiv: 7669, Amplitude negativ: 6853, .-<<||||   1356, 2821, 3603, 3388, 2374, 2035, 2825, 4541, 6416, 7454, 7783, 7481, 7510, 8100, 9696, 11694, 13101, 14397, 14841, 15090, 13555, 8674, -1000, -11765, -17149, -14877, -5583, -1, -1, -4278, -16490, -21540, -15621, -2219, -1, -1, -1, -3068, -6321, -3450, ;


Frequency: 711, Amplitude pozitiv: 8451, Amplitude negativ: 9441, .-<<||||   1732, 5144, 5212, 6055, 12274, 21830, 28684, 27924, 19891, 9407, 3620, 5405, 10635, 12405, 7739, 1, 1, 1, 1, 1804, 3955, 2219, -643, -1962, -2106, -4267, -10111, -17450, -21704, -18379, -8348, ;


Frequency: 711, Amplitude pozitiv: 5228, Amplitude negativ: 3764, .-<<||||   3359, 10487, 10739, 6945, 3710, 4441, 8295, 11443, 11034, 7633, 3875, 2180, 3212, 5086, 4944, 2891, 520, 1, 1792, 3755, 3453, -30, -5009, -8528, -8717, -5971, -2877, -1388, -1585, -2125, -1417, ;


Frequency: 380, Amplitude pozitiv: 3685, Amplitude negativ: 4969, .-<<||||   994, 3751, 5160, 5115, 4621, 4636, 4537, 3485, 866, -3508, -7472, -8684, -6708, -3322, -676, -111, -2421, -5425, -7036, -7639, -8016, -8310, -8828, -8974, -8161, -6019, -3744, -2647, -2076, -1908, -1735, -749, -4, -559, -2316, -4697, -6845, -7955, -8156, -7817, -7547, -7569, -7755, -7767, -7327, -6921, -6914, -6866, -6814, -6269, -5020, -3727, -2861, -2425, -2158, -1719, -1053, -287, ;


Frequency: 501, Amplitude pozitiv: 6339, Amplitude negativ: 6717, .-<<||||   448, 765, 456, 337, 515, 1100, 1903, 2556, 3236, 3710, 4551, 5481, 6326, 6705, 6506, 6597, 7473, 8918, 10388, 11760, 12393, 13088, 13575, 14490, 14451, 10822, 2615, -8355, -14882, -14454, -6953, -1, -1, -3245, -14490, -20253, -15964, -3949, -1, -1, -1, -2571, -5864, -3219, ;


Frequency: 689, Amplitude pozitiv: 8448, Amplitude negativ: 8477, .-<<||||   1956, 5008, 4340, 3685, 8335, 18100, 26675, 28147, 21969, 11879, 4904, 5435, 10670, 13717, 10386, 2103, 1, 1, 1, 1152, 4440, 2958, -940, -3436, -3515, -3290, -6653, -13020, -19110, -19821, -12914, -2076, ;


Frequency: 735, Amplitude pozitiv: 5075, Amplitude negativ: 4682, .-<<||||   6941, 9781, 7255, 3382, 3147, 7139, 11852, 13500, 10603, 5599, 1929, 1808, 4095, 5640, 4328, 1405, 1, 154, 2370, 3605, 2048, -2371, -7225, -9574, -8274, -5305, -2756, -2056, -2522, -2059, ;


Frequency: 373, Amplitude pozitiv: 3814, Amplitude negativ: 4986, .-<<||||   82, 3127, 5563, 6139, 5351, 4596, 4607, 4891, 3590, 200, -4837, -9145, -10063, -7181, -2782, -386, -963, -4130, -7810, -9221, -8488, -7384, -6876, -7097, -7576, -6823, -4276, -1859, -1192, -1897, -2950, -3124, -1687, -1, -1, -1480, -5375, -8753, -9837, -8310, -5967, -5123, -6293, -8326, -9459, -8674, -6844, -5704, -5616, -5837, -5541, -4235, -2085, -1041, -1526, -2947, -3911, -3037, -657, ;


Frequency: 490, Amplitude pozitiv: 6066, Amplitude negativ: 6267, .-<<||||   1646, 2042, 882, 1, 1, 134, 2246, 4025, 4213, 3608, 3188, 3480, 4660, 6140, 6982, 6869, 6762, 7319, 8475, 10051, 11256, 11995, 12573, 13233, 14409, 14060, 9519, 98, -9640, -14013, -10959, -2466, -1, -1, -7065, -17250, -19182, -11381, -1, -1, -1, -1, -4641, -6521, -3425, ;


Frequency: 711, Amplitude pozitiv: 7760, Amplitude negativ: 8467, .-<<||||   696, 2665, 1568, 2559, 9649, 19599, 25990, 25188, 18181, 9682, 6126, 9177, 13304, 13011, 6685, 1, 1, 1, 1, 1976, 3387, 1294, -777, -794, -30, -2036, -8213, -16338, -20969, -18040, -9014, ;


Frequency: 711, Amplitude pozitiv: 4559, Amplitude negativ: 4508, .-<<||||   970, 6605, 6306, 3113, 1793, 4723, 10029, 13513, 12724, 8452, 4341, 3221, 4641, 5853, 4415, 752, 1, 1, 405, 3661, 4070, 727, -4384, -7751, -7353, -4446, -2377, -2306, -3798, -4871, -3290, ;


Frequency: 350, Amplitude pozitiv: 4003, Amplitude negativ: 4866, .-<<||||   407, 3665, 4961, 4353, 3749, 4339, 5879, 6106, 2572, -3797, -9618, -11512, -9618, -5572, -2561, -2631, -4809, -6602, -6514, -5484, -4739, -5548, -7387, -8243, -6830, -4093, -2207, -2573, -4485, -6261, -6027, -3314, -450, -1, -1723, -4936, -7752, -8430, -7077, -5975, -6473, -8165, -9791, -9741, -8073, -6483, -6106, -6651, -7204, -6127, -3417, -751, -1, -1367, -3540, -4663, -3601, -1323, -1, -1, -285, -1206, -1064, ;


Frequency: 537, Amplitude pozitiv: 7482, Amplitude negativ: 5954, .-<<||||   397, 2172, 3253, 3464, 3354, 3760, 4656, 5477, 5753, 5291, 4728, 4989, 6357, 8282, 9956, 10894, 11455, 12288, 13606, 15024, 15998, 14159, 6793, -3197, -10729, -12066, -7261, -1, -1, -1048, -11505, -18185, -16013, -5719, -1, -1, -1, -2089, -8228, -7965, -3164, ;


Frequency: 711, Amplitude pozitiv: 8038, Amplitude negativ: 9252, .-<<||||   2154, 3247, 1147, 2881, 10537, 20141, 26263, 25339, 17763, 9443, 6811, 9768, 13256, 11789, 4356, 1, 1, 1, 1, 4304, 5481, 2158, -1427, -2336, -1644, -2888, -8565, -16486, -21325, -18867, -9735, ;


Frequency: 689, Amplitude pozitiv: 4566, Amplitude negativ: 4190, .-<<||||   271, 5995, 5826, 2340, 1166, 4614, 10478, 14205, 13550, 9172, 4824, 3651, 4948, 5765, 3693, 1, 1, 1, 1, 3696, 4746, 1512, -3718, -7423, -7334, -4571, -2101, -2031, -3943, -5394, -4399, -988, ;


Frequency: 361, Amplitude pozitiv: 3993, Amplitude negativ: 4732, .-<<||||   2863, 5197, 5571, 4806, 4410, 4545, 3879, 674, -3963, -7998, -9591, -8280, -5088, -2905, -2892, -4290, -5583, -5851, -5204, -4405, -4958, -6378, -7169, -6645, -5613, -4363, -4292, -5618, -6801, -5707, -2937, -292, -1, -1125, -4066, -6578, -7118, -6490, -6309, -7050, -8621, -9377, -8682, -7293, -6066, -5768, -6017, -5773, -4192, -2048, -697, -1021, -2652, -4324, -4360, -3004, -1268, -481, -866, -1577, -1198, ;


Frequency: 525, Amplitude pozitiv: 7450, Amplitude negativ: 4803, .-<<||||   627, 2927, 4541, 4902, 4565, 4059, 4314, 4846, 5058, 4638, 3946, 3758, 4764, 6486, 8279, 9794, 10786, 11757, 12746, 13955, 14921, 15329, 13618, 8202, -250, -7956, -10983, -8279, -1505, -1, -1, -5638, -13362, -14731, -8518, -1, -1, -1, -1, -5350, -6658, -3218, ;


Frequency: 689, Amplitude pozitiv: 7706, Amplitude negativ: 8680, .-<<||||   1937, 4103, 2696, 2376, 7239, 15832, 23620, 26315, 21717, 13380, 7314, 6971, 10151, 12083, 9241, 2083, 1, 1, 1, 1321, 4680, 3781, 409, -2331, -2925, -3084, -5507, -11227, -17087, -18418, -13299, -4243, ;


Frequency: 689, Amplitude pozitiv: 4738, Amplitude negativ: 3662, .-<<||||   3807, 6936, 5066, 1861, 1913, 5984, 11622, 14642, 13230, 9269, 5496, 4134, 4515, 3965, 1100, 1, 1, 1, 979, 4376, 4510, 840, -3847, -6312, -5622, -3215, -1660, -2227, -4052, -4951, -3762, -976, ;


Frequency: 373, Amplitude pozitiv: 3373, Amplitude negativ: 4652, .-<<||||   1889, 3507, 3644, 3422, 3944, 4723, 4346, 1510, -3020, -7459, -9709, -8577, -5295, -2127, -921, -1830, -3900, -5586, -6342, -5957, -5248, -5357, -5693, -5912, -5954, -6167, -6532, -6612, -6365, -5034, -2816, -1204, -524, -1436, -3315, -5540, -7081, -7709, -7779, -7386, -7236, -7231, -7160, -6814, -6009, -4559, -2829, -1647, -952, -949, -1735, -2638, -3335, -3615, -3970, -4114, -3748, -2928, -1425, ;


Frequency: 512, Amplitude pozitiv: 6819, Amplitude negativ: 4619, .-<<||||   710, 2380, 3168, 3598, 3916, 4297, 4700, 4712, 4056, 2999, 2112, 2134, 3262, 4941, 6550, 7950, 9278, 10863, 12655, 14353, 15502, 15331, 14364, 11402, 5244, -2257, -7881, -9197, -5854, -60, -1, -487, -8312, -14212, -13801, -6855, -1, -1, -1, -863, -5380, -5769, -2218, ;


Frequency: 689, Amplitude pozitiv: 7185, Amplitude negativ: 7749, .-<<||||   2040, 3147, 1606, 1920, 6625, 13936, 20469, 22157, 18127, 11807, 8020, 8841, 12006, 13433, 10216, 3212, 1, 1, 1, 967, 3601, 2892, 232, -2015, -2751, -3220, -5621, -10214, -14451, -15235, -11412, -4824, ;


Frequency: 237, Amplitude pozitiv: 5382, Amplitude negativ: 3605, .-<<||||   873, 2879, 1546, 1, 92, 3694, 8668, 11940, 12137, 10221, 8034, 6910, 6383, 5065, 2298, -833, -2856, -2609, -671, -1, -1, -74, -2342, -3826, -3682, -2514, -1519, -1706, -2830, -3793, -3991, -3175, -1625, -120, -1, -1, -1, -1, -1, -830, -2107, -3226, -3630, -3701, -3173, -2750, -2832, -3214, -4308, -5815, -7255, -7582, -6984, -5804, -4428, -3805, -4498, -5862, -6763, -6878, -6347, -5629, -5852, -6607, -6916, -6296, -5317, -4746, -5245, -6788, -8173, -8027, -6650, -5135, -4228, -4336, -5032, -5086, -4134, -2792, -2139, -2533, -3431, -3876, -3133, -2103, -1692, -2192, -3324, -4201, -3706, -1911, -7, ;


Frequency: 501, Amplitude pozitiv: 5525, Amplitude negativ: 2583, .-<<||||   911, 791, 57, 1, 180, 1243, 2028, 2268, 2220, 2041, 2349, 2956, 3984, 4815, 5477, 6351, 7737, 9517, 10704, 11428, 11523, 11267, 11323, 11734, 11668, 9522, 5098, -8, -3326, -3355, -378, -1, -1, -2577, -7635, -9739, -7196, -1368, -1, -1, -1, -3136, -3793, -1407, ;


Frequency: 565, Amplitude pozitiv: 5925, Amplitude negativ: 3048, .-<<||||   2092, 3212, 1158, 1, 1, 3763, 9728, 14407, 14834, 11704, 8210, 6961, 8550, 11158, 11898, 10058, 6205, 2948, 1961, 2930, 4184, 4011, 2217, 26, -1475, -2009, -2258, -2878, -4077, -5235, -5526, -5016, -4117, -3304, -2858, -2681, -2485, -1631, -174, ;


Frequency: 253, Amplitude pozitiv: 2302, Amplitude negativ: 3714, .-<<||||   1485, 2861, 3784, 4279, 3972, 3496, 2809, 1971, 1263, 710, 317, 410, 1026, 2077, 3443, 4388, 4468, 3564, 2235, 1486, 1453, 1615, 1541, 616, -1266, -3385, -4835, -4944, -4233, -3783, -3985, -4684, -5420, -5558, -5127, -4706, -4456, -4716, -5369, -5829, -6030, -5699, -4997, -4711, -4761, -4889, -4231, -2607, -680, -1, -1, -1, -1472, -2901, -3855, -3929, -3686, -3957, -4745, -5686, -6075, -5773, -5360, -5381, -5834, -6585, -6742, -6218, -5320, -4655, -4602, -5026, -5443, -4884, -3479, -1914, -888, -791, -1368, -2042, -1893, -944, -267, -10, -374, -706, -334, ;


Frequency: 232, Amplitude pozitiv: 3011, Amplitude negativ: 2010, .-<<||||   744, 1852, 2391, 1915, 947, 231, 541, 1653, 2681, 3220, 3128, 2622, 2594, 3531, 4714, 5699, 5935, 5540, 4724, 4153, 3965, 4110, 4023, 3487, 2445, 1510, 1562, 2225, 3432, 4316, 4581, 4241, 3624, 3337, 3497, 4021, 4649, 4965, 5164, 5338, 5374, 5405, 5478, 5137, 4157, 2853, 1779, 1117, 1218, 2016, 2886, 3230, 3009, 2388, 1805, 1810, 2182, 2650, 2779, 2229, 1853, 2087, 2738, 3676, 4071, 3719, 2980, 2215, 2047, 2392, 2903, 3497, 3699, 3702, 3743, 3814, 3675, 3206, 2445, 1482, 676, 347, 751, 1461, 1755, 1248, -75, -1709, -2779, -3267, -3060, -2469, -2052, -1698, -986, ;


Frequency: 286, Amplitude pozitiv: 1610, Amplitude negativ: 3723, .-<<||||   26, 1204, 2232, 2251, 1770, 1366, 1438, 2006, 2284, 1530, -133, -2138, -3579, -4020, -3782, -3314, -3410, -3584, -3542, -2932, -2274, -2295, -3225, -4846, -6433, -7241, -6704, -5867, -5232, -5308, -5440, -4937, -3833, -2433, -1552, -1716, -2966, -4055, -4725, -4798, -4603, -4605, -5140, -5728, -5964, -5640, -5178, -4855, -4754, -4848, -4626, -4120, -3858, -4204, -4728, -5403, -5590, -5106, -4339, -3586, -3528, -3855, -4142, -3910, -3221, -2522, -1964, -1998, -2069, -1747, -1099, -905, -920, -1172, -1607, -1258, -364, ;


Frequency: 127, Amplitude pozitiv: 2722, Amplitude negativ: 2889, .-<<||||   610, 1063, 765, 82, 1, 525, 1387, 2253, 2650, 2325, 2290, 2546, 3198, 3574, 3155, 2173, 1251, 1170, 2264, 3986, 5467, 6228, 5993, 5263, 4656, 4763, 5201, 5717, 6118, 6342, 6480, 6603, 6619, 6467, 6218, 5920, 5750, 5659, 5825, 5578, 4951, 4159, 2860, 1596, 697, 198, 1, 159, 246, 539, 605, 546, 554, 529, 520, 347, 419, 462, 633, 836, 1463, 2195, 3025, 3712, 3959, 3535, 2913, 2373, 2225, 2478, 2697, 2967, 2823, 2469, 2030, 1582, 1385, 1433, 1648, 1645, 1282, 823, 337, -338, -1126, -1839, -2590, -3145, -3393, -3244, -2628, -1750, -862, -1, -1, -1, -1, -217, -879, -1189, -1530, -1782, -2168, -2489, -2497, -2390, -1995, -1527, -1143, -1137, -1276, -1680, -2215, -2836, -3443, -4145, -5041, -5286, -4902, -3833, -2767, -2237, -2494, -3612, -4668, -4895, -4632, -4313, -4241, -4817, -5514, -5983, -5851, -5188, -4670, -4630, -4859, -4769, -4204, -3272, -2452, -2247, -2793, -3688, -4146, -4026, -3571, -3172, -3107, -3738, -4040, -3757, -3143, -2719, -2951, -3736, -4678, -5036, -4625, -3845, -3130, -2984, -3274, -3488, -3079, -2085, -1257, -680, -677, -1313, -1501, -967, -18, ;


Frequency: 128, Amplitude pozitiv: 3079, Amplitude negativ: 2697, .-<<||||   975, 1335, 1405, 1225, 1430, 2341, 3276, 3775, 3649, 3374, 3257, 3719, 4537, 5152, 5274, 5008, 4900, 4883, 4986, 5045, 4804, 4515, 4585, 5096, 5859, 6324, 6082, 5554, 4924, 4588, 4702, 4384, 3795, 3176, 2781, 3250, 3743, 3412, 2552, 1378, 415, 436, 1269, 2235, 2646, 2636, 2405, 2642, 3125, 3421, 3153, 2334, 1651, 1619, 2405, 3459, 4084, 3905, 3004, 2102, 1652, 1633, 1896, 2234, 2297, 2141, 2200, 2517, 3006, 3144, 2996, 2516, 2216, 2050, 2141, 2471, 2296, 1788, 908, 268, -92, -218, -288, -402, -584, -1030, -1283, -1035, -782, -372, -153, -594, -1233, -2002, -2558, -2865, -2976, -2769, -2399, -2131, -1775, -1673, -2056, -2432, -2999, -3507, -3857, -3940, -3720, -3547, -3188, -2531, -1858, -1116, -586, -559, -1190, -2034, -2996, -3629, -4226, -4606, -4804, -4990, -4979, -4810, -4769, -4848, -5130, -5213, -4864, -4401, -3848, -3752, -4321, -5103, -5605, -5847, -5490, -4889, -4396, -3959, -3751, -3358, -2777, -2413, -2282, -2318, -2425, -2736, -2719, -2640, -2779, -3162, -3550, -3306, -2593, -1560, -721, -446, -963, -1892, -2608, -2804, -2494, -2000, -1647, -1540, -1675, -1574, -967, ;


Frequency: 127, Amplitude pozitiv: 3046, Amplitude negativ: 2693, .-<<||||   271, 1362, 1806, 1760, 1479, 1451, 1973, 3065, 3744, 3863, 3918, 4394, 5504, 6935, 8156, 8522, 8243, 7310, 6745, 6862, 7205, 7303, 6668, 5515, 4355, 3925, 4096, 4420, 4346, 3844, 3642, 3784, 4306, 4698, 4448, 3445, 1568, 1, 1, 1, 123, 1130, 1738, 2241, 2819, 3521, 3995, 3947, 3611, 2883, 2574, 2776, 3417, 4061, 4123, 3687, 3114, 2554, 2218, 2027, 1991, 1740, 1662, 2110, 2930, 3356, 3190, 2289, 1175, 329, 312, 1043, 1727, 2056, 1868, 1811, 1879, 2131, 2155, 1808, 1127, 564, 557, 926, 1443, 1215, 201, -1038, -1878, -1732, -1005, -464, -421, -1033, -1724, -2070, -2180, -2031, -2274, -2900, -3569, -3991, -4052, -3767, -3500, -3345, -3002, -2436, -1358, -430, -136, -632, -1591, -2610, -3156, -3456, -3386, -3317, -3378, -3044, -2778, -2229, -1982, -2323, -3022, -3794, -4151, -4155, -4192, -4406, -5024, -5848, -6396, -6262, -5688, -5236, -4829, -4647, -4602, -4569, -4331, -4209, -4075, -4100, -4165, -3929, -3340, -2889, -2481, -2399, -2567, -2614, -2392, -1977, -1549, -1522, -1895, -2124, -2364, -2161, -1771, -1644, -1588, -1580, -1554, -1432, -978, -619, -472, -468, -720, -569, -129, ;


Frequency: 132, Amplitude pozitiv: 3175, Amplitude negativ: 2674, .-<<||||   519, 1073, 1574, 2063, 2509, 3399, 4305, 5144, 5994, 6688, 7495, 8280, 8758, 8796, 8038, 7051, 6136, 5676, 5784, 6263, 6669, 6093, 5345, 4638, 4281, 4389, 4555, 4576, 4264, 3849, 3549, 3334, 2891, 1712, 369, 1, 1, 1, 659, 1845, 2526, 2614, 2487, 2497, 2718, 2791, 2445, 2117, 1830, 1982, 2513, 3256, 3784, 3690, 3424, 2940, 2694, 2593, 2332, 2081, 1832, 1787, 1828, 1720, 1655, 1303, 907, 639, 704, 985, 1400, 1653, 1750, 1768, 1447, 938, 321, -401, -914, -1097, -1026, -884, -897, -847, -554, -227, -1, -1, -1, -1, -886, -1739, -2383, -2679, -2910, -3015, -3018, -2955, -2821, -2732, -2617, -2703, -2825, -2777, -2704, -2541, -2531, -2806, -3143, -3383, -3418, -3146, -2672, -2395, -2415, -2563, -2954, -3168, -3342, -3303, -3257, -3511, -3906, -4317, -4487, -4742, -4942, -4637, -4495, -4494, -4976, -5584, -5954, -6019, -5676, -5207, -4635, -4553, -4461, -4240, -3982, -3617, -3528, -3639, -4046, -4308, -4031, -3624, -3285, -3084, -3058, -2883, -2283, -1317, -698, -423, -754, -1528, -1686, -1233, -635, -300, -410, -777, -1027, -835, -258, ;


Frequency: 133, Amplitude pozitiv: 3265, Amplitude negativ: 2728, .-<<||||   518, 738, 640, 704, 1252, 2079, 2945, 3607, 3921, 4089, 4634, 5557, 6742, 7458, 7436, 6836, 6109, 5721, 5725, 5854, 6004, 6012, 5671, 5509, 5595, 5749, 5959, 5900, 5377, 5028, 4894, 4865, 4756, 4076, 2832, 1181, 215, 1, 66, 671, 976, 1039, 1186, 1414, 1863, 2142, 2031, 1473, 1093, 1236, 1768, 2687, 3467, 3883, 3779, 3656, 3348, 3095, 2834, 2489, 2261, 2347, 2735, 3162, 3298, 3098, 2783, 2595, 2868, 3173, 3300, 3189, 2642, 2105, 1636, 1170, 715, -148, -994, -1696, -2143, -2050, -1594, -1141, -729, -438, -554, -728, -878, -1263, -1452, -1646, -1786, -1855, -1859, -1794, -1712, -1484, -1306, -1325, -1447, -1753, -1945, -2047, -2241, -2308, -2504, -2568, -2207, -2117, -2082, -2083, -2384, -2633, -3111, -3610, -3828, -4039, -4056, -4233, -4201, -4345, -4338, -4454, -4715, -4615, -4636, -4597, -4632, -4798, -5186, -5379, -5445, -5232, -4889, -4470, -4055, -3831, -3472, -3323, -3350, -3628, -3817, -3897, -3911, -3882, -4065, -4093, -4154, -3942, -3566, -3060, -2592, -2211, -2213, -2316, -2053, -1590, -1227, -1207, -1291, -1462, -1265, -820, -88, ;


Frequency: 128, Amplitude pozitiv: 3060, Amplitude negativ: 2843, .-<<||||   598, 888, 861, 798, 1056, 1442, 1967, 2548, 2840, 3080, 3390, 4023, 4784, 5406, 5766, 5506, 5416, 5442, 5727, 6065, 6227, 5848, 5063, 4618, 4644, 5178, 5866, 6100, 5792, 5245, 4773, 4659, 4830, 5113, 4798, 4216, 3883, 3814, 3927, 3774, 3401, 2499, 1390, 889, 880, 1459, 1857, 1769, 1478, 1031, 792, 1069, 1626, 2037, 2446, 2491, 2488, 2559, 2634, 2595, 2329, 1864, 1573, 1674, 2057, 2826, 3312, 3303, 3187, 3041, 2921, 2968, 2996, 2874, 2542, 2142, 1839, 1432, 1033, 894, 578, 198, -215, -574, -708, -947, -1252, -1516, -1795, -2138, -2243, -2347, -2283, -2281, -2142, -1915, -1828, -1632, -1531, -1374, -1304, -1487, -1718, -1675, -1743, -1899, -2027, -2315, -2387, -2280, -1993, -1769, -1634, -1781, -2124, -2432, -2725, -3010, -3105, -3377, -3665, -3978, -4277, -4485, -4612, -4859, -5038, -4811, -4845, -4854, -4833, -4897, -5160, -5334, -5264, -5024, -4924, -4670, -4523, -4588, -4364, -4081, -3965, -4107, -4264, -4329, -4352, -4046, -3610, -3361, -3512, -3606, -3689, -3586, -3316, -3055, -3014, -3062, -3028, -2764, -2206, -1986, -1658, -1698, -1686, -1433, -995, -677, -607, -482, -420, ;


Frequency: 132, Amplitude pozitiv: 3101, Amplitude negativ: 2841, .-<<||||   191, 1010, 1703, 2160, 2251, 2025, 1867, 2062, 2650, 3357, 3939, 4299, 4533, 4867, 5381, 6032, 6663, 6752, 6570, 6210, 5659, 5351, 5075, 5018, 5113, 5224, 5209, 5227, 5221, 5175, 5152, 5134, 5136, 4979, 4925, 5059, 4940, 4647, 4145, 3209, 1895, 922, 419, 533, 1228, 1807, 2025, 2093, 1984, 1775, 1612, 1579, 1378, 1206, 1207, 1484, 2128, 2818, 3239, 3135, 2716, 2149, 1994, 2123, 2268, 2320, 2245, 2265, 2377, 2402, 2704, 2683, 2649, 2364, 2142, 1952, 1744, 1577, 1150, 651, 137, -363, -715, -910, -1208, -1406, -1462, -1477, -1768, -1855, -1921, -1886, -1804, -1537, -1586, -1883, -2067, -2146, -2160, -2167, -2116, -2191, -2335, -2409, -2215, -2166, -2021, -2109, -2356, -2627, -2802, -2659, -2529, -2502, -2799, -3075, -3366, -3477, -3293, -3063, -3128, -3337, -3426, -3627, -3774, -4112, -4671, -5035, -5407, -5601, -5411, -5118, -4923, -4835, -4856, -4638, -4330, -4107, -4049, -4365, -4663, -4682, -4771, -4513, -4442, -4151, -3714, -3567, -3158, -2842, -2420, -2212, -2333, -2222, -2255, -2239, -2248, -2329, -2535, -2506, -2109, -1624, -1234, -878, -500, -177, ;


Frequency: 130, Amplitude pozitiv: 3178, Amplitude negativ: 2913, .-<<||||   210, 753, 1040, 1020, 786, 483, 413, 567, 990, 1389, 1989, 2620, 3242, 3988, 4734, 5426, 5608, 5878, 6141, 6356, 6469, 6454, 6472, 6365, 6002, 5659, 5669, 5804, 6175, 6408, 6272, 6173, 6060, 5809, 5751, 5576, 5282, 4913, 4543, 4230, 3766, 3395, 2830, 2004, 1339, 1011, 1092, 1458, 2005, 2293, 2321, 2006, 1581, 1560, 1396, 1389, 1644, 2110, 2724, 3270, 3774, 4073, 3959, 3741, 3338, 2773, 2381, 2257, 2583, 2647, 2716, 2654, 2445, 2412, 2245, 2319, 2213, 2044, 1679, 1259, 946, 724, 640, 248, -277, -898, -1292, -1449, -1190, -1114, -1172, -1144, -1242, -1183, -1106, -1251, -1550, -1894, -2244, -2097, -2122, -2225, -2421, -2680, -2734, -2640, -2391, -2117, -2236, -2607, -3020, -3516, -3646, -3691, -3936, -3947, -3765, -3514, -3361, -3265, -3396, -3590, -3978, -4175, -4192, -4371, -4322, -4328, -4393, -4320, -4298, -4350, -4321, -4340, -4252, -4314, -4278, -4492, -4596, -4645, -4650, -4752, -4688, -4734, -4611, -4495, -4601, -4287, -4040, -3727, -3448, -3195, -3005, -2742, -2625, -2479, -2583, -2555, -2648, -2487, -2003, -1533, -1038, -818, -975, -1239, -988, -609, -221, ;


Frequency: 128, Amplitude pozitiv: 2931, Amplitude negativ: 3044, .-<<||||   85, 221, 239, 330, 532, 805, 997, 1199, 1214, 1171, 1331, 1915, 2662, 3344, 3971, 4302, 4542, 4962, 5462, 5879, 6056, 6055, 5966, 5788, 5785, 5810, 5753, 5910, 6161, 6371, 6462, 6342, 6211, 5905, 5391, 4961, 4551, 4338, 4183, 3979, 3740, 3269, 2830, 2340, 1867, 1504, 1297, 1166, 1022, 1160, 1278, 1501, 1419, 1291, 1198, 1223, 1812, 2404, 2913, 3140, 3266, 3377, 3342, 3038, 2918, 2900, 2733, 2586, 2511, 2757, 2987, 3126, 2929, 2635, 2278, 2006, 1976, 1918, 1692, 1192, 752, 276, 219, 108, 99, 0, -507, -756, -958, -1013, -1139, -1277, -1536, -1709, -1792, -1766, -1583, -1477, -1522, -1656, -1749, -1635, -1495, -1451, -1702, -2192, -2670, -2959, -3033, -3180, -3124, -3150, -3388, -3487, -3563, -3524, -3527, -3695, -3774, -3921, -4057, -4217, -4383, -4451, -4486, -4422, -4439, -4552, -4377, -4560, -4754, -4923, -5114, -5192, -5163, -5147, -5220, -5261, -5280, -5245, -5232, -5260, -5119, -4978, -4819, -4508, -4311, -4104, -3948, -4031, -4003, -3734, -3565, -3413, -3144, -2969, -2828, -2565, -2448, -2493, -2593, -2380, -2050, -1756, -1286, -914, -666, -471, -533, -514, -26, ;


Frequency: 128, Amplitude pozitiv: 3313, Amplitude negativ: 3250, .-<<||||   279, 477, 753, 992, 1150, 1331, 1889, 2176, 2563, 2941, 3299, 3703, 4085, 4700, 5099, 5530, 5658, 5706, 6023, 6335, 6852, 7357, 7255, 6887, 6325, 6396, 6779, 7072, 7280, 6870, 6015, 5425, 5227, 5368, 5572, 5524, 5371, 5126, 5199, 5218, 4991, 4099, 2848, 1781, 1027, 739, 991, 1333, 1387, 1456, 1455, 1553, 1801, 2046, 2077, 2023, 2106, 2152, 2351, 2604, 2792, 3046, 3165, 3123, 2789, 2541, 2400, 2256, 2348, 2408, 2416, 2327, 2120, 2001, 2004, 2025, 1928, 1780, 1747, 1529, 1216, 915, 615, 220, -208, -928, -1521, -1891, -2145, -2288, -2454, -2575, -2621, -2497, -2212, -1781, -1624, -1678, -2015, -2397, -2705, -2910, -3014, -2939, -2638, -2590, -2609, -2660, -2798, -3029, -3177, -3267, -3159, -3155, -3262, -3335, -3562, -3677, -3813, -3822, -3822, -3965, -4041, -4128, -4304, -4665, -4808, -5061, -5271, -5317, -5201, -5144, -5281, -5432, -5484, -5566, -5572, -5410, -5215, -5029, -4832, -4724, -4804, -4770, -4663, -4438, -4350, -4171, -3867, -3487, -3216, -3082, -2912, -3050, -3097, -3163, -3155, -2987, -2890, -2651, -2445, -2156, -1976, -1779, -1742, -1816, -1730, -1384, -961, -559, -228, ;


Frequency: 130, Amplitude pozitiv: 3405, Amplitude negativ: 3407, .-<<||||   47, 259, 589, 898, 1365, 1911, 2275, 2595, 2797, 3221, 3711, 4320, 4829, 5037, 5312, 5631, 6229, 6736, 7289, 7786, 7806, 7751, 7345, 6690, 6240, 5998, 5995, 6294, 6304, 6137, 5944, 5708, 5602, 5482, 5297, 5165, 4945, 4970, 4965, 4658, 4025, 3012, 2003, 1370, 1181, 1500, 2030, 2250, 2262, 2014, 1645, 1435, 1385, 1426, 1496, 1766, 2151, 2523, 2867, 3241, 3203, 3204, 2964, 2772, 2646, 2431, 2201, 2078, 2066, 1981, 1962, 1916, 2024, 1898, 1899, 1766, 1604, 1402, 1141, 817, 195, -104, -227, -575, -832, -1243, -1666, -2073, -2502, -2687, -2833, -2815, -2729, -2614, -2664, -2842, -3021, -3223, -3278, -3141, -3116, -3143, -3121, -3124, -2997, -3246, -3481, -3577, -3693, -3848, -3600, -3302, -3181, -3207, -3401, -3546, -3664, -3923, -4103, -4187, -4200, -4413, -4653, -4839, -4995, -4924, -5039, -5169, -5085, -5195, -5175, -5124, -5120, -5164, -5486, -5549, -5489, -5298, -4890, -4811, -4738, -4732, -4931, -4661, -4521, -4328, -4270, -4073, -3818, -3497, -3132, -3030, -3080, -3154, -3147, -3149, -3242, -3248, -3057, -2941, -2710, -2538, -2209, -1950, -1695, -1349, -938, -500, -67, ;


Frequency: 128, Amplitude pozitiv: 3566, Amplitude negativ: 3218, .-<<||||   231, 490, 796, 880, 1118, 1146, 1424, 1829, 2106, 2467, 3047, 3617, 4094, 4535, 4983, 5300, 5780, 6156, 6420, 6827, 7075, 7396, 7652, 7964, 7837, 7626, 7235, 6791, 6612, 6684, 6904, 6897, 6566, 6303, 5895, 5607, 5622, 5632, 5688, 5383, 5273, 5171, 5129, 5009, 4573, 3823, 3007, 2245, 1773, 1770, 1839, 1956, 1798, 1823, 1660, 1773, 1825, 1738, 1933, 2121, 2354, 2576, 2792, 3141, 3156, 3140, 3136, 2785, 2507, 2253, 2161, 2139, 2139, 2120, 1837, 1642, 1423, 1106, 1038, 1061, 1103, 766, 297, 39, -300, -563, -661, -727, -939, -1480, -2149, -2919, -3358, -3530, -3516, -3455, -3455, -3325, -3105, -2780, -2833, -2892, -3044, -3333, -3354, -3296, -3126, -2905, -2818, -3003, -3066, -3070, -3097, -3067, -3286, -3541, -3777, -3928, -3944, -3991, -4106, -4166, -4367, -4346, -4287, -4138, -4144, -4301, -4339, -4486, -4487, -4573, -4688, -4862, -4992, -4978, -5124, -5135, -5162, -5017, -4880, -4514, -4199, -3985, -3892, -3948, -3869, -3975, -3693, -3590, -3515, -3190, -3028, -3071, -3025, -2928, -2931, -2963, -3005, -2857, -2708, -2432, -1978, -1860, -1697, -1434, -1179, -917, -779, -402, -241, ;


Frequency: 128, Amplitude pozitiv: 3973, Amplitude negativ: 3499, .-<<||||   7, 425, 886, 1160, 1411, 1649, 1918, 2451, 2722, 3247, 3731, 4109, 4437, 4667, 5103, 5501, 5843, 6193, 6443, 6739, 7055, 7150, 7357, 7650, 7826, 8059, 8263, 8322, 7975, 7636, 7311, 7050, 6955, 6841, 6732, 6705, 6575, 6388, 6304, 5928, 5841, 5449, 5163, 5097, 5031, 4967, 4623, 4275, 3677, 3267, 3030, 2640, 2631, 2548, 2591, 2643, 2764, 2645, 2545, 2411, 2303, 2410, 2645, 2976, 3200, 3432, 3425, 3417, 3408, 3271, 2950, 2498, 2232, 1751, 1610, 1686, 1656, 1440, 1081, 779, 642, 667, 652, 673, 345, -160, -587, -826, -1101, -1288, -1667, -2008, -2310, -2538, -2653, -2894, -3105, -3434, -3802, -3935, -3953, -3718, -3602, -3536, -3503, -3445, -3461, -3536, -3494, -3638, -3757, -3799, -3944, -4055, -4223, -4428, -4435, -4512, -4602, -4656, -4716, -4735, -4788, -4669, -4521, -4507, -4448, -4722, -4829, -4871, -4857, -4822, -4882, -4804, -4850, -4844, -4703, -4760, -4960, -5268, -5302, -5373, -5268, -4749, -4471, -4317, -4365, -4230, -4171, -4219, -4082, -3993, -3909, -3667, -3495, -3264, -2969, -2780, -2711, -2512, -2370, -2176, -1994, -1975, -1968, -1931, -1654, -1480, -1257, -920, -615, -103, ;


Frequency: 125, Amplitude pozitiv: 4323, Amplitude negativ: 3428, .-<<||||   434, 887, 1185, 1359, 1627, 1585, 1956, 2302, 2705, 3058, 3470, 4040, 4135, 4240, 4339, 4637, 5105, 5400, 5653, 5922, 6155, 6488, 6869, 7137, 7456, 7652, 7753, 8000, 8281, 8511, 8695, 8894, 8719, 8331, 7930, 7481, 7307, 7148, 6988, 6734, 6582, 6399, 6234, 6239, 6043, 5847, 5789, 5677, 5497, 5452, 5307, 4930, 4527, 3993, 3428, 2817, 2404, 2369, 2407, 2421, 2321, 2151, 1950, 1793, 1737, 1733, 1767, 1984, 1975, 1953, 1926, 1744, 1634, 1577, 1660, 1225, 899, 534, 54, -279, -465, -748, -840, -823, -798, -668, -833, -896, -1286, -1687, -1911, -2262, -2546, -2726, -2837, -3039, -3246, -3502, -3841, -4295, -4549, -4726, -4787, -4758, -4807, -4769, -4870, -4922, -4789, -4914, -5118, -5227, -5137, -4878, -4837, -4685, -4751, -4846, -4906, -5013, -4813, -4860, -4861, -5009, -4936, -4791, -4831, -4766, -4576, -4701, -4691, -4555, -4686, -4646, -4734, -4686, -4655, -4403, -4199, -4316, -4306, -4332, -4520, -4493, -4511, -4694, -4660, -4519, -4381, -4129, -3969, -3867, -3834, -3760, -3750, -3560, -3297, -3107, -2914, -2686, -2526, -2461, -2249, -2139, -2102, -1914, -1761, -1568, -1390, -1153, -1003, -842, -627, -500, -381, -123, ;


Frequency: 131, Amplitude pozitiv: 4302, Amplitude negativ: 3772, .-<<||||   137, 504, 955, 1296, 1606, 1860, 2055, 2402, 2607, 2865, 3081, 3214, 3448, 3731, 4107, 4379, 4538, 4850, 5069, 5399, 5822, 6149, 6326, 6452, 6716, 6933, 7249, 7413, 7412, 7462, 7595, 7791, 7863, 7901, 7903, 7986, 7896, 7781, 7561, 7618, 7605, 7494, 7441, 7214, 6838, 6607, 6461, 6237, 6083, 5902, 5744, 5569, 5320, 5139, 4926, 4591, 4186, 3898, 3463, 3193, 2981, 2638, 2335, 2330, 2173, 1982, 1880, 1698, 1577, 1495, 1305, 1126, 1106, 945, 952, 918, 973, 875, 767, 513, 66, -283, -563, -738, -1020, -1183, -1514, -1935, -2142, -2544, -2851, -3153, -3443, -3746, -4052, -4227, -4472, -4728, -4913, -5132, -5501, -5780, -6068, -6311, -6590, -6860, -6972, -6990, -7010, -6985, -6886, -6845, -6770, -6702, -6571, -6384, -6292, -6067, -5894, -5707, -5607, -5380, -5081, -5061, -5054, -4839, -4674, -4527, -4364, -4130, -4077, -4161, -4116, -3940, -3813, -3721, -3729, -3595, -3326, -3378, -3258, -3177, -3140, -3060, -3081, -3069, -2950, -2973, -3072, -3112, -3050, -3103, -2700, -2581, -2109, -1797, -1786, -1545, -1303, -1247, -1410, -1302, -1318, -1250, -970, -775, -595, -95, ;


Frequency: 125, Amplitude pozitiv: 4024, Amplitude negativ: 4169, .-<<||||   18, 203, 270, 564, 852, 1047, 1293, 1563, 1896, 1933, 2148, 2351, 2672, 2966, 3342, 3745, 3937, 4196, 4421, 4817, 4893, 4897, 5042, 5224, 5588, 5645, 5715, 5882, 5963, 5992, 6089, 6309, 6302, 6381, 6526, 6642, 6777, 6896, 7022, 6963, 7023, 7105, 7273, 7410, 7458, 7335, 7210, 6928, 6489, 6177, 5816, 5374, 4998, 4552, 4096, 3688, 3174, 3105, 2941, 2939, 2980, 2913, 3046, 3231, 3297, 3328, 3499, 3314, 3270, 3397, 3554, 3438, 3418, 3381, 3332, 3302, 3331, 3345, 3229, 2971, 2702, 2435, 2009, 1679, 1374, 1022, 806, 446, -71, -496, -1068, -1728, -2446, -2877, -3225, -3612, -3781, -4073, -4303, -4507, -4752, -4899, -4835, -4823, -4831, -4871, -4905, -5036, -5137, -5191, -5307, -5391, -5566, -5689, -5775, -5815, -5979, -6113, -6145, -6042, -5881, -5767, -5637, -5672, -5800, -5795, -5848, -6010, -5889, -5795, -5712, -5493, -5386, -5239, -5140, -5074, -5059, -5120, -5013, -5090, -5358, -5414, -5350, -5321, -5471, -5495, -5542, -5539, -5441, -5025, -4730, -4435, -4207, -4148, -3811, -3718, -3676, -3400, -3261, -3237, -3051, -2898, -2696, -2519, -2218, -1828, -1626, -1443, -1301, -1123, -939, -920, -753, -670, -520, -154, ;


Frequency: 129, Amplitude pozitiv: 3784, Amplitude negativ: 3630, .-<<||||   210, 573, 876, 1057, 1367, 1681, 1865, 2126, 2366, 2690, 2846, 3085, 3400, 3523, 3681, 3874, 4006, 4335, 4563, 4756, 4953, 4909, 4979, 4902, 4878, 4958, 5038, 5120, 5013, 4932, 4973, 5066, 5209, 5409, 5481, 5606, 5635, 5523, 5150, 4545, 4130, 4046, 4196, 4201, 4355, 4164, 3897, 3627, 3561, 3903, 4224, 4843, 4953, 4915, 5042, 5006, 5039, 4975, 5046, 4965, 4779, 4794, 4858, 4844, 4731, 4341, 4235, 4210, 4072, 3973, 3634, 3300, 2737, 2266, 1863, 1566, 1508, 1450, 1190, 911, 635, 172, -344, -791, -1181, -1434, -1591, -1580, -1569, -1694, -1903, -1995, -2197, -2409, -2406, -2473, -2561, -2896, -3292, -3575, -3718, -3919, -4036, -4132, -4137, -4350, -4678, -4881, -5207, -5269, -5304, -5283, -5159, -5101, -5093, -5228, -5181, -5096, -5210, -5181, -5060, -5021, -5008, -5118, -5220, -5387, -5471, -5637, -5720, -5778, -5828, -5815, -5714, -5601, -5483, -5381, -5287, -5085, -5096, -4831, -4746, -4535, -4422, -4351, -4041, -3714, -3480, -3345, -3198, -3201, -3110, -3147, -2854, -2825, -2755, -2439, -2487, -2417, -2436, -2360, -2221, -2275, -2036, -1777, -1592, -1398, -1139, -938, -562, -124, ;


Frequency: 129, Amplitude pozitiv: 3273, Amplitude negativ: 3427, .-<<||||   85, 309, 394, 525, 782, 917, 1203, 1333, 1396, 1535, 1687, 1782, 1956, 2043, 2001, 2135, 2183, 2456, 2618, 2651, 2835, 2964, 3026, 3068, 3179, 3306, 3322, 3369, 3404, 3515, 3579, 3443, 3396, 3424, 3499, 3653, 3864, 3969, 4011, 4107, 4243, 4276, 4413, 4598, 4645, 4506, 4541, 4657, 4689, 4713, 4773, 4905, 5109, 5107, 5169, 5324, 5441, 5270, 5198, 5032, 5106, 5178, 5115, 5265, 5035, 4894, 4664, 4643, 4706, 4592, 4584, 4436, 4356, 4175, 3957, 3901, 3680, 3667, 3408, 3121, 3106, 3045, 2992, 2997, 2753, 2307, 2175, 1934, 1699, 1492, 1105, 780, 420, 137, 56, -125, -161, -424, -809, -1141, -1301, -1448, -1690, -2000, -2439, -2613, -2773, -2880, -2818, -3006, -3321, -3383, -3569, -3734, -3766, -3881, -4059, -4258, -4523, -4547, -4518, -4472, -4582, -4920, -5027, -5215, -5144, -5119, -5189, -5261, -5360, -5370, -5414, -5442, -5459, -5498, -5443, -5451, -5338, -5141, -5094, -5104, -5052, -4998, -4709, -4500, -4269, -4078, -4012, -3724, -3642, -3538, -3411, -3331, -3201, -3127, -3017, -2870, -2716, -2527, -2310, -2115, -1878, -1670, -1426, -1108, -734, -536, -327, -16, ;


Frequency: 121, Amplitude pozitiv: 2767, Amplitude negativ: 2852, .-<<||||   85, 239, 538, 676, 828, 1092, 1205, 1357, 1452, 1719, 1740, 1735, 1818, 1957, 2203, 2504, 2807, 2802, 2922, 3048, 3133, 3389, 3409, 3341, 3332, 3334, 3364, 3396, 3458, 3458, 3554, 3544, 3502, 3613, 3819, 4075, 4060, 4019, 4179, 4160, 4158, 4094, 3943, 3936, 3828, 3696, 3646, 3727, 3851, 3813, 3725, 3760, 3751, 3591, 3582, 3541, 3599, 3668, 3573, 3881, 3829, 3663, 3730, 3774, 3807, 3812, 3652, 3577, 3572, 3481, 3321, 3219, 3112, 2967, 2956, 2794, 2783, 2838, 2671, 2680, 2634, 2544, 2546, 2582, 2604, 2599, 2460, 2270, 2217, 1957, 1803, 1777, 1626, 1339, 1257, 1054, 765, 544, 476, 433, 223, 58, -212, -331, -332, -441, -526, -543, -674, -867, -1025, -1155, -1274, -1339, -1523, -1713, -1960, -2332, -2535, -2685, -3030, -3160, -3365, -3320, -3352, -3399, -3463, -3701, -3773, -3930, -3867, -3977, -4164, -4204, -4418, -4566, -4481, -4446, -4527, -4487, -4469, -4374, -4424, -4368, -4334, -4439, -4476, -4428, -4409, -4340, -4299, -4271, -4276, -4307, -4400, -4473, -4232, -4080, -3962, -3898, -3734, -3534, -3441, -3322, -3270, -3107, -2892, -2708, -2353, -2164, -1882, -1714, -1599, -1384, -1246, -1067, -823, -768, -718, -585, -413, -106, ;


Frequency: 125, Amplitude pozitiv: 2709, Amplitude negativ: 1875, .-<<||||   135, 276, 371, 521, 663, 871, 937, 1179, 1506, 1603, 1751, 1814, 1907, 2242, 2416, 2519, 2557, 2597, 2709, 2859, 2839, 2978, 3068, 3142, 3223, 3299, 3412, 3456, 3538, 3670, 3712, 3976, 4171, 4037, 3976, 3916, 3890, 3779, 3824, 3810, 3856, 3811, 3787, 3889, 3938, 3948, 3966, 3965, 3982, 4006, 4045, 4031, 3868, 3969, 3852, 3896, 3869, 3792, 3668, 3474, 3307, 3262, 3314, 3222, 3111, 2868, 2743, 2700, 2585, 2605, 2450, 2304, 2102, 1879, 1777, 1764, 1768, 1567, 1424, 1348, 1108, 964, 875, 660, 396, 167, -2, -97, -62, -106, -192, -256, -232, -262, -283, -237, -293, -385, -534, -560, -661, -826, -949, -1069, -1297, -1601, -1701, -1810, -1839, -1840, -1924, -2044, -2204, -2302, -2299, -2179, -2141, -1925, -2134, -2316, -2273, -2405, -2382, -2583, -2771, -2835, -2817, -2867, -2909, -2966, -3090, -3086, -3250, -3288, -3220, -3149, -3231, -3204, -3172, -3117, -3062, -3017, -3033, -3023, -3032, -3043, -2962, -3175, -3135, -3028, -2891, -2864, -2781, -2532, -2356, -2140, -2066, -1934, -1944, -1811, -1701, -1758, -1724, -1643, -1548, -1494, -1383, -1295, -1126, -973, -894, -786, -631, -349, -319, -195, ;


Frequency: 125, Amplitude pozitiv: 2285, Amplitude negativ: 1805, .-<<||||   22, 203, 217, 308, 461, 605, 791, 827, 912, 1022, 1128, 1169, 1299, 1332, 1307, 1371, 1281, 1324, 1391, 1447, 1707, 1807, 1809, 2144, 2240, 2280, 2510, 2807, 2952, 3008, 3008, 3100, 3049, 2974, 3077, 3107, 3351, 3377, 3603, 3684, 3892, 4088, 4056, 4085, 4101, 4000, 4030, 3990, 3808, 3882, 3869, 3898, 3823, 3867, 4069, 4071, 3930, 3874, 3804, 3546, 3446, 3356, 3382, 3339, 3202, 3019, 2845, 2771, 2708, 2581, 2536, 2388, 2196, 2176, 2113, 1935, 1564, 1304, 1108, 908, 933, 886, 785, 510, 282, 181, 150, 201, 167, 29, -13, -216, -371, -477, -665, -726, -947, -1029, -1113, -1122, -1113, -1271, -1440, -1444, -1496, -1527, -1657, -1762, -1752, -1913, -2136, -2200, -2137, -2294, -2323, -2321, -2328, -2417, -2316, -2316, -2433, -2608, -2775, -2857, -2914, -2846, -2841, -2754, -2742, -2807, -2745, -2491, -2501, -2605, -2523, -2586, -2596, -2587, -2731, -2800, -2742, -2833, -2720, -2701, -2688, -2570, -2610, -2522, -2519, -2450, -2207, -2225, -2216, -2178, -2023, -1889, -1744, -1578, -1386, -1184, -1107, -1182, -1078, -938, -844, -856, -921, -920, -889, -805, -697, -479, -484, -304, -153, -83, ;


Frequency: 129, Amplitude pozitiv: 1691, Amplitude negativ: 1480, .-<<||||   40, 81, 180, 189, 105, 212, 287, 307, 450, 494, 563, 590, 627, 739, 915, 850, 904, 1007, 1065, 1068, 1157, 1241, 1312, 1438, 1381, 1623, 1692, 1834, 1903, 1866, 1941, 2105, 2174, 2176, 2276, 2276, 2318, 2281, 2350, 2530, 2662, 2760, 2829, 2885, 2907, 3021, 3094, 3106, 3102, 3141, 3064, 2844, 2931, 3016, 3007, 2866, 2807, 2798, 2673, 2720, 2746, 2761, 2721, 2639, 2563, 2502, 2374, 2388, 2366, 2166, 2112, 2007, 1843, 1683, 1622, 1645, 1534, 1445, 1287, 971, 983, 1003, 878, 708, 549, 480, 336, 223, 256, 237, 110, -87, -152, -378, -525, -766, -903, -880, -1213, -1338, -1384, -1369, -1304, -1238, -1213, -1409, -1588, -1807, -1834, -1846, -1872, -1907, -1972, -2071, -2210, -2269, -2544, -2423, -2381, -2451, -2512, -2539, -2415, -2430, -2383, -2422, -2335, -2221, -2199, -2051, -1931, -1928, -2024, -2107, -2080, -1942, -1981, -1894, -1948, -2043, -2031, -2091, -2183, -2127, -2015, -1920, -1829, -1840, -1637, -1490, -1472, -1190, -1151, -1123, -873, -789, -490, -569, -479, -483, -498, -353, -320, -264, -173, -235, -269, -173, -191, -4, ;


Frequency: 227, Amplitude pozitiv: 1446, Amplitude negativ: 17, .-<<||||   128, 261, 233, 240, 308, 301, 370, 511, 612, 814, 989, 1004, 969, 1117, 1038, 1049, 1214, 1269, 1349, 1229, 1173, 1163, 1206, 1234, 1180, 1403, 1536, 1532, 1631, 1646, 1751, 1711, 1724, 1817, 1822, 1871, 1887, 1956, 2010, 1954, 1935, 2100, 2182, 2363, 2531, 2524, 2416, 2327, 2329, 2217, 2314, 2208, 1937, 1982, 1871, 1983, 2127, 2183, 2297, 2313, 2317, 2194, 2105, 1998, 2004, 1898, 2077, 1932, 1964, 1968, 1857, 1904, 1658, 1692, 1624, 1443, 1519, 1619, 1356, 1264, 1272, 1141, 1181, 1069, 971, 970, 848, 628, 504, 507, 521, 485, 473, 317, 192, 38, -17, ;


Frequency: 90, Amplitude pozitiv: 1133, Amplitude negativ: 942, .-<<||||   3, -82, -156, -174, -265, -161, -54, -194, -301, -501, -573, -494, -558, -650, -795, -828, -1049, -947, -963, -968, -973, -1094, -1156, -1431, -1237, -1307, -1416, -1448, -1506, -1554, -1650, -1772, -1935, -1920, -1949, -2005, -1965, -1919, -1829, -1798, -1793, -1869, -1918, -1988, -1920, -1892, -1929, -1808, -1658, -1513, -1461, -1478, -1450, -1450, -1480, -1518, -1397, -1449, -1552, -1577, -1487, -1372, -1172, -1129, -1001, -764, -830, -706, -692, -440, -340, -414, -361, -426, -337, -84, 0, 189, 209, 337, 400, 399, 495, 550, 532, 567, 602, 551, 606, 698, 755, 818, 820, 888, 982, 1114, 1333, 1290, 1397, 1439, 1418, 1560, 1594, 1548, 1508, 1512, 1468, 1358, 1371, 1435, 1486, 1526, 1554, 1498, 1473, 1517, 1693, 1687, 1721, 1731, 1757, 1782, 1826, 1852, 1832, 1781, 1700, 1780, 1765, 1689, 1630, 1667, 1478, 1513, 1463, 1420, 1566, 1540, 1595, 1624, 1628, 1544, 1587, 1544, 1501, 1444, 1319, 1211, 977, 947, 874, 900, 996, 960, 802, 732, 739, 640, 674, 605, 533, 574, 524, 527, 455, 305, 326, 334, 309, 135, 0, -141, -198, -246, -197, -270, -336, -322, -484, -534, -505, -545, -671, -580, -602, -673, -922, -965, -892, -907, -964, -948, -960, -913, -890, -961, -977, -1012, -883, -892, -1024, -1129, -1161, -1063, -1034, -1140, -1120, -1126, -1163, -1229, -1201, -1187, -1172, -1119, -1042, -977, -898, -1034, -1091, -1068, -1041, -977, -1002, -1086, -1033, -952, -867, -698, -639, -608, -428, -434, -439, -456, -481, -316, -379, -470, -405, -326, -278, -200, -158, -78, ;


Frequency: 7350, Amplitude pozitiv: 31, Amplitude negativ: 41, .-<<||||   31, -66, -16, ;


Frequency: 136, Amplitude pozitiv: 1089, Amplitude negativ: 547, .-<<||||   21, 15, 109, 195, 357, 360, 448, 531, 545, 606, 652, 756, 827, 845, 720, 763, 762, 702, 720, 874, 973, 1083, 1245, 1291, 1281, 1326, 1449, 1499, 1542, 1634, 1710, 1586, 1692, 1710, 1772, 1853, 1831, 1839, 1868, 1880, 1889, 1855, 1696, 1663, 1603, 1619, 1740, 1678, 1575, 1720, 1726, 1583, 1594, 1703, 1818, 1691, 1690, 1622, 1595, 1405, 1385, 1428, 1320, 1335, 1237, 1190, 1030, 995, 963, 888, 890, 980, 955, 1069, 995, 872, 778, 941, 857, 802, 896, 868, 871, 791, 729, 487, 573, 484, 390, 245, 289, 309, 228, 124, 2, -16, -27, -53, -183, -136, -160, -134, -338, -327, -413, -360, -358, -595, -462, -467, -401, -259, -387, -451, -448, -564, -562, -542, -602, -703, -751, -766, -828, -805, -839, -1009, -1080, -1114, -1079, -1102, -999, -927, -983, -947, -1138, -1024, -932, -1020, -886, -772, -743, -620, -561, -619, -658, -579, -539, -458, -309, -394, -390, -322, -326, -382, -233, -223, -219, -301, -273, -236, -213, -126, ;


Frequency: 119, Amplitude pozitiv: 778, Amplitude negativ: 524, .-<<||||   76, 246, 204, 175, 141, 283, 312, 417, 408, 415, 398, 377, 377, 385, 539, 551, 658, 807, 747, 857, 876, 836, 933, 947, 955, 968, 1093, 1076, 1142, 1162, 1163, 1163, 1244, 1352, 1263, 1224, 1259, 1343, 1341, 1373, 1289, 1337, 1496, 1428, 1413, 1511, 1489, 1382, 1333, 1470, 1464, 1385, 1348, 1244, 1229, 1164, 1287, 1329, 1301, 1255, 1395, 1244, 1205, 1252, 1200, 998, 979, 1123, 961, 796, 771, 798, 632, 625, 614, 621, 589, 605, 495, 457, 343, 353, 460, 394, 434, 536, 500, 428, 362, 420, 375, 435, 425, 391, 286, 144, 217, 110, 53, 41, 1, 1, 1, 88, 104, 28, -48, -151, -131, -231, -204, -203, -85, -203, -286, -333, -396, -321, -419, -380, -421, -413, -445, -546, -584, -587, -617, -706, -706, -744, -729, -707, -639, -611, -708, -700, -842, -828, -781, -821, -677, -595, -672, -668, -588, -724, -768, -860, -811, -791, -818, -812, -783, -834, -937, -901, -862, -782, -714, -796, -732, -534, -549, -626, -690, -585, -566, -514, -413, -334, -251, -394, -388, -373, -273, -267, -350, -315, -257, -305, -276, -194, -129, -112, -69, ;


Frequency: 156, Amplitude pozitiv: 749, Amplitude negativ: 414, .-<<||||   10, 21, 46, 111, 220, 128, 389, 398, 537, 482, 359, 505, 533, 555, 557, 673, 706, 659, 702, 770, 582, 663, 671, 632, 727, 845, 927, 1044, 978, 1056, 1296, 1318, 1344, 1378, 1338, 1335, 1281, 1419, 1318, 1288, 1263, 1319, 1345, 1258, 1230, 1181, 1238, 1152, 1173, 1040, 988, 1022, 1027, 978, 917, 865, 797, 736, 825, 861, 702, 606, 633, 620, 437, 409, 472, 348, 255, 121, 159, 206, 89, 69, 51, -65, -38, -118, -175, -293, -244, -141, -249, -196, -282, -347, -294, -323, -524, -496, -440, -409, -527, -563, -553, -597, -578, -559, -527, -517, -551, -552, -682, -753, -714, -639, -555, -505, -506, -590, -458, -534, -580, -603, -657, -687, -690, -554, -373, -391, -351, -360, -312, -382, -348, -413, -429, -481, -376, -422, -481, -404, -367, -253, -298, -247, -258, -154, -203, -139, -60, ;


Frequency: 124, Amplitude pozitiv: 541, Amplitude negativ: 432, .-<<||||   5, 61, 27, 130, 38, 9, 62, 11, 1, 67, 206, 161, 180, 113, 194, 256, 319, 459, 478, 508, 406, 360, 476, 380, 264, 330, 405, 435, 350, 182, 181, 220, 226, 264, 342, 324, 233, 258, 259, 263, 309, 436, 430, 572, 664, 644, 668, 681, 732, 653, 812, 730, 715, 733, 731, 708, 701, 779, 852, 806, 774, 912, 1030, 1135, 956, 864, 1006, 1130, 1094, 1255, 1322, 1275, 1245, 1202, 1143, 1178, 1238, 1272, 1313, 1257, 1242, 1131, 1152, 1035, 920, 969, 838, 828, 788, 857, 862, 769, 661, 551, 618, 511, 625, 636, 546, 521, 562, 547, 542, 513, 521, 529, 614, 568, 507, 646, 497, 425, 172, 224, 210, 279, 328, 231, 249, 289, 225, 150, 309, 199, 193, 160, 179, 119, 47, 172, 186, 122, 6, -213, -260, -225, -372, -376, -542, -543, -538, -645, -723, -652, -628, -664, -648, -656, -576, -559, -578, -696, -607, -608, -592, -506, -609, -566, -520, -583, -557, -447, -319, -315, -453, -288, -248, -326, -231, -66, -129, -178, -236, -163, -168, -131, -70, ;


Frequency: 128, Amplitude pozitiv: 563, Amplitude negativ: 292, .-<<||||   21, 142, 156, 243, 292, 310, 310, 290, 356, 331, 293, 460, 486, 367, 347, 345, 277, 396, 504, 367, 391, 455, 488, 532, 492, 517, 470, 503, 473, 520, 519, 476, 602, 615, 596, 514, 551, 619, 437, 359, 472, 557, 428, 464, 590, 494, 570, 585, 545, 715, 695, 570, 625, 654, 691, 682, 744, 791, 670, 790, 933, 817, 903, 950, 940, 964, 936, 941, 805, 762, 967, 854, 832, 878, 960, 991, 799, 873, 1039, 866, 950, 993, 871, 915, 951, 756, 638, 759, 562, 600, 597, 499, 604, 462, 464, 567, 478, 444, 433, 446, 455, 457, 340, 179, 193, 123, 140, 199, 155, 42, -28, -86, -75, -27, -96, -168, -275, -272, -198, -237, -190, -169, -272, -201, -266, -195, -286, -312, -229, -273, -289, -262, -224, -271, -233, -487, -440, -277, -192, -377, -318, -290, -386, -389, -455, -492, -504, -466, -574, -515, -468, -547, -493, -386, -402, -353, -442, -382, -363, -391, -392, -327, -175, -171, -209, -257, -279, -233, -184, -156, -173, -49, ;


Frequency: 7350, Amplitude pozitiv: 65, Amplitude negativ: 3, .-<<||||   74, 56, -3, ;


Frequency: 137, Amplitude pozitiv: 459, Amplitude negativ: 107, .-<<||||   75, 7, 40, 33, 11, 150, 133, 152, 111, 105, 1, 100, 230, 151, 131, 218, 244, 128, 144, 177, 152, 265, 374, 426, 366, 343, 363, 373, 407, 397, 547, 343, 412, 520, 544, 700, 590, 521, 563, 575, 546, 523, 541, 616, 492, 592, 629, 621, 583, 567, 668, 662, 629, 690, 823, 874, 802, 828, 896, 825, 911, 863, 728, 770, 686, 802, 842, 659, 671, 620, 695, 758, 699, 621, 493, 609, 629, 593, 537, 464, 463, 576, 521, 493, 500, 517, 584, 553, 479, 500, 431, 293, 301, 401, 215, 140, 200, 98, 69, -6, -66, -32, -35, -32, -123, -66, -31, -91, -19, -32, -1, -28, -91, -52, -12, -73, -1, -1, -44, -45, -96, -143, -280, -275, -131, -132, -163, -94, -252, -180, -52, -138, -178, -89, -14, -44, -1, -25, -87, -216, -130, -141, -204, -212, -180, -194, -92, -71, -127, -121, -173, -84, -158, -159, -174, -105, -241, -211, -202, -107, ;


Frequency: 11025, Amplitude pozitiv: 1, Amplitude negativ: 48, .-<<||||   1, -48, ;


Frequency: 5512, Amplitude pozitiv: 1, Amplitude negativ: 38, .-<<||||   1, -34, -12, -70, ;


Frequency: 3150, Amplitude pozitiv: 91, Amplitude negativ: 52, .-<<||||   10, 82, 153, 130, 82, -47, -57, ;


Frequency: 11025, Amplitude pozitiv: 20, Amplitude negativ: 4, .-<<||||   20, -4, ;


Frequency: 130, Amplitude pozitiv: 499, Amplitude negativ: 303, .-<<||||   139, 164, 47, 186, 194, 8, 258, 296, 155, 234, 168, 239, 261, 332, 348, 309, 325, 332, 402, 504, 513, 385, 413, 528, 520, 599, 567, 463, 602, 503, 476, 629, 645, 529, 526, 472, 568, 687, 596, 630, 628, 635, 745, 709, 643, 544, 594, 737, 676, 737, 772, 715, 841, 813, 841, 951, 872, 860, 876, 918, 983, 783, 892, 785, 758, 860, 767, 702, 724, 849, 748, 657, 663, 770, 590, 608, 623, 540, 450, 529, 485, 409, 466, 358, 365, 294, 268, 192, 368, 350, 220, 174, 261, 219, 170, 92, 44, 65, 38, 14, -6, -35, -209, -230, -127, -179, -260, -192, -216, -318, -357, -395, -439, -487, -423, -460, -448, -375, -387, -254, -298, -429, -374, -425, -440, -387, -485, -453, -437, -348, -413, -454, -455, -447, -431, -410, -359, -322, -298, -366, -273, -379, -464, -374, -419, -522, -494, -440, -437, -414, -367, -375, -263, -41, -193, -75, -187, -215, -64, -204, -153, -107, -141, -196, -44, -65, -77, -48, -83, ;


Frequency: 11025, Amplitude pozitiv: 5, Amplitude negativ: 51, .-<<||||   5, -51, ;


Frequency: 1575, Amplitude pozitiv: 79, Amplitude negativ: 9, .-<<||||   7, 173, 160, 90, 70, 1, 57, 46, 74, 118, 147, 28, 68, -9, ;


Frequency: 2450, Amplitude pozitiv: 68, Amplitude negativ: 192, .-<<||||   114, 23, -251, -153, -222, -231, -171, -221, -101, ;


Frequency: 1378, Amplitude pozitiv: 91, Amplitude negativ: 53, .-<<||||   55, 43, 128, 8, 127, 207, 188, 141, 47, 94, 99, 61, 13, 84, 78, -53, ;


Frequency: 1837, Amplitude pozitiv: 7, Amplitude negativ: 74, .-<<||||   7, -19, -68, -60, -160, -7, -1, -105, -125, -140, -80, -55, ;


Frequency: 595, Amplitude pozitiv: 169, Amplitude negativ: 13, .-<<||||   15, 7, 129, 76, 71, 1, 1, 89, 149, 291, 221, 268, 269, 345, 272, 215, 303, 354, 431, 408, 297, 226, 247, 234, 165, 114, 64, 75, 49, 22, 0, 158, 84, 9, 88, -6, -34, ;

