
Frequency: 22050, Amplitude pozitiv: 0, Amplitude negativ: 0, .-<<||||   ;


Frequency: 1378, Amplitude pozitiv: 16, Amplitude negativ: 86, .-<<||||   16, -42, -123, -75, -1, -82, -138, -89, -116, -175, -152, -1, -64, -65, -88, -88, ;


Frequency: 232, Amplitude pozitiv: 144, Amplitude negativ: 134, .-<<||||   79, 109, 217, 35, 130, 231, 190, 159, 178, 104, 44, 131, 163, 289, 298, 220, 120, 122, 72, 43, 76, 1, 71, 69, 43, 155, 54, 99, 67, 203, 224, 133, 312, 199, 215, 226, 195, 153, 81, 183, 156, 156, 211, 140, 137, 272, 267, 179, 167, 90, 154, 76, 57, 99, 75, -56, -13, -76, -187, -89, -1, -83, -129, -215, -135, -103, -87, -27, -215, -151, -122, -129, -218, -186, -55, -67, -107, -73, -91, -138, -140, -255, -225, -206, -102, -135, -249, -161, -192, -174, -216, -235, -212, -78, -27, ;


Frequency: 1470, Amplitude pozitiv: 84, Amplitude negativ: 54, .-<<||||   46, 118, 97, 58, 92, 109, 70, 6, 103, 145, 65, 138, 52, -50, -59, ;


Frequency: 2756, Amplitude pozitiv: 121, Amplitude negativ: 77, .-<<||||   58, 185, -16, -126, -185, -119, -12, -7, ;


Frequency: 2450, Amplitude pozitiv: 75, Amplitude negativ: 23, .-<<||||   107, 34, 124, 27, 1, 106, 137, 64, -23, ;


Frequency: 7350, Amplitude pozitiv: 28, Amplitude negativ: 21, .-<<||||   35, 22, -21, ;


Frequency: 580, Amplitude pozitiv: 105, Amplitude negativ: 58, .-<<||||   82, 142, 119, 136, 94, 152, 118, 276, 220, 106, 190, 95, 118, 113, 1, 16, 74, 80, 64, 1, 39, 178, 132, 79, 165, 155, 77, 57, 105, 88, 87, 143, 44, 13, 134, 94, 0, -116, ;


Frequency: 2205, Amplitude pozitiv: 70, Amplitude negativ: 12, .-<<||||   53, 73, 51, 109, 72, 53, 82, 0, -23, -13, ;


Frequency: 7350, Amplitude pozitiv: 78, Amplitude negativ: 7, .-<<||||   97, 59, -7, ;


Frequency: 3675, Amplitude pozitiv: 84, Amplitude negativ: 66, .-<<||||   148, 142, 13, 49, 69, -66, ;


Frequency: 7350, Amplitude pozitiv: 103, Amplitude negativ: 9, .-<<||||   122, 84, -9, ;


Frequency: 4410, Amplitude pozitiv: 2, Amplitude negativ: 44, .-<<||||   2, -40, -58, -49, -30, ;


Frequency: 5512, Amplitude pozitiv: 33, Amplitude negativ: 50, .-<<||||   6, 60, -54, -46, ;


Frequency: 7350, Amplitude pozitiv: 50, Amplitude negativ: 103, .-<<||||   50, -86, -120, ;


Frequency: 130, Amplitude pozitiv: 220, Amplitude negativ: 82, .-<<||||   4, 184, 194, 109, 188, 327, 116, 186, 214, 195, 197, 226, 297, 326, 339, 272, 239, 130, 90, 170, 226, 128, 148, 210, 104, 179, 130, 136, 227, 198, 186, 161, 197, 180, 147, 69, 1, 115, 209, 124, 150, 221, 290, 331, 344, 376, 293, 269, 314, 288, 359, 375, 348, 399, 333, 192, 215, 232, 296, 275, 300, 370, 362, 383, 349, 357, 406, 338, 376, 443, 271, 232, 257, 377, 388, 441, 406, 350, 448, 442, 437, 395, 476, 394, 393, 423, 420, 465, 509, 354, 361, 417, 346, 203, 212, 220, 217, 177, 194, 281, 267, 225, 153, 263, 244, 428, 315, 203, 266, 120, 147, 291, 269, 290, 177, 120, 210, 210, 124, 83, 171, 108, 147, 85, 184, 58, 16, 11, 1, 1, 1, 1, 69, 93, 76, 61, 83, 84, 74, 34, 1, 15, 53, 66, 132, 106, 127, 189, 124, 207, 237, 154, 199, 215, 222, 151, 212, 222, 137, 103, 99, 81, 118, 28, -101, -143, -100, -48, -22, ;


Frequency: 11025, Amplitude pozitiv: 7, Amplitude negativ: 28, .-<<||||   7, -28, ;


Frequency: 441, Amplitude pozitiv: 137, Amplitude negativ: 209, .-<<||||   26, 158, 134, 174, 159, 83, 6, 132, 100, 147, 263, 220, 206, 123, 159, 185, 151, 153, 124, 81, 116, 142, 130, 118, -11, -81, -20, -164, -167, -241, -258, -252, -319, -327, -328, -208, -212, -219, -340, -287, -170, -163, -186, -194, -222, -221, -216, -330, -174, -137, ;


Frequency: 3675, Amplitude pozitiv: 59, Amplitude negativ: 58, .-<<||||   5, 95, 95, 51, 53, -58, ;


Frequency: 7350, Amplitude pozitiv: 40, Amplitude negativ: 101, .-<<||||   61, 20, -101, ;


Frequency: 7350, Amplitude pozitiv: 36, Amplitude negativ: 17, .-<<||||   36, 36, -17, ;


Frequency: 218, Amplitude pozitiv: 221, Amplitude negativ: 179, .-<<||||   20, 80, 4, 68, 69, 134, 43, 55, 57, 87, 1, 11, 199, 82, 192, 213, 148, 213, 100, 264, 347, 263, 247, 273, 354, 303, 344, 355, 412, 447, 369, 391, 520, 452, 422, 330, 361, 334, 351, 303, 316, 429, 284, 189, 208, 217, 212, 227, 167, 121, 181, 169, 94, 179, 271, 265, 162, 30, 140, -23, -81, -89, -46, -15, -174, -141, -189, -176, -256, -180, -188, -167, -213, -209, -255, -236, -269, -228, -253, -313, -325, -279, -258, -270, -178, -299, -239, -221, -242, -273, -275, -214, -111, -214, -153, -84, -1, -31, -46, -95, -37, ;


Frequency: 97, Amplitude pozitiv: 284, Amplitude negativ: 3, .-<<||||   8, 119, 241, 219, 206, 182, 148, 79, 106, 146, 192, 129, 107, 164, 177, 124, 289, 190, 60, 94, 144, 334, 261, 317, 269, 306, 359, 193, 320, 316, 312, 266, 236, 222, 197, 239, 228, 268, 125, 89, 10, 78, 8, 25, 73, 17, 54, 73, 25, 1, 1, 80, 37, 57, 16, 1, 118, 147, 127, 120, 119, 79, 206, 323, 448, 425, 313, 264, 301, 288, 233, 325, 258, 277, 381, 320, 345, 392, 304, 281, 236, 319, 316, 431, 513, 354, 468, 541, 471, 465, 483, 557, 512, 555, 554, 597, 583, 678, 622, 572, 585, 625, 701, 599, 642, 580, 546, 403, 467, 595, 613, 567, 586, 561, 550, 596, 526, 451, 344, 358, 452, 371, 378, 421, 461, 453, 529, 458, 415, 368, 285, 315, 468, 539, 400, 374, 502, 401, 510, 428, 289, 338, 362, 351, 278, 247, 305, 314, 366, 265, 128, 50, 48, 208, 171, 110, 111, 115, 315, 355, 389, 364, 341, 431, 422, 364, 362, 347, 227, 223, 327, 388, 386, 453, 248, 159, 292, 255, 165, 249, 157, 164, 257, 150, 185, 175, 191, 209, 183, 94, 188, 181, 232, 268, 284, 247, 233, 338, 297, 273, 295, 272, 328, 257, 172, 200, 113, 263, 224, 230, 244, 276, 311, 259, 301, 268, 202, 211, 105, 37, 65, 48, 24, 14, 59, 25, -3, ;


Frequency: 7350, Amplitude pozitiv: 86, Amplitude negativ: 26, .-<<||||   152, 20, -26, ;


Frequency: 185, Amplitude pozitiv: 219, Amplitude negativ: 66, .-<<||||   119, 65, 73, 112, 176, 147, 203, 170, 199, 212, 208, 371, 300, 230, 281, 250, 253, 391, 314, 292, 366, 324, 266, 383, 395, 287, 373, 282, 338, 293, 363, 343, 286, 260, 252, 276, 344, 432, 275, 327, 326, 258, 367, 427, 341, 412, 239, 192, 395, 202, 256, 328, 283, 262, 295, 327, 202, 206, 176, 294, 338, 315, 230, 258, 203, 143, 139, 79, 188, 51, 113, 149, 63, 53, 110, 55, 48, 27, 1, 1, 174, 227, 223, 236, 57, 162, 211, 101, 109, 84, 9, 15, 105, 106, 60, 20, -49, -14, -93, -101, -32, -81, -39, -126, -190, -85, -1, -79, -105, -131, -7, -1, -123, -104, -25, -84, -21, -23, -18, ;


Frequency: 2205, Amplitude pozitiv: 34, Amplitude negativ: 35, .-<<||||   23, 25, 89, 37, 1, 6, 51, 71, 6, -35, ;


Frequency: 689, Amplitude pozitiv: 18, Amplitude negativ: 166, .-<<||||   18, -1, -2, -30, -81, -106, -97, -162, -200, -189, -235, -305, -312, -271, -163, -148, -218, -328, -381, -315, -204, -145, -118, -206, -237, -102, -164, -167, -65, -101, -61, -46, ;


Frequency: 689, Amplitude pozitiv: 123, Amplitude negativ: 4, .-<<||||   12, 68, 116, 136, 195, 284, 89, 189, 186, 184, 151, 122, 149, 107, 150, 169, 101, 47, 7, 27, 133, 95, 8, 1, 179, 143, 216, 168, 186, 177, 41, -4, ;


Frequency: 1297, Amplitude pozitiv: 28, Amplitude negativ: 128, .-<<||||   28, -30, -172, -57, -1, -89, -207, -163, -105, -101, -182, -154, -132, -178, -198, -184, -103, ;


Frequency: 11025, Amplitude pozitiv: 2, Amplitude negativ: 74, .-<<||||   2, -74, ;


Frequency: 380, Amplitude pozitiv: 40, Amplitude negativ: 74, .-<<||||   33, 47, -67, -89, -78, -58, -102, -92, -92, -1, -18, -13, -97, -60, -56, -92, -60, -53, -86, -71, -132, -94, -7, -11, -1, -112, -130, -158, -166, -112, -98, -112, -39, -1, -84, -89, -50, -70, -87, -28, -113, -122, -148, -67, -1, -67, -4, -80, -160, -91, -109, -41, -38, -1, -34, -93, -123, -91, ;


Frequency: 7350, Amplitude pozitiv: 6, Amplitude negativ: 33, .-<<||||   6, -63, -4, ;


Frequency: 5512, Amplitude pozitiv: 71, Amplitude negativ: 99, .-<<||||   104, 38, -116, -82, ;


Frequency: 1696, Amplitude pozitiv: 48, Amplitude negativ: 62, .-<<||||   69, 27, -47, -64, -31, -22, -12, -121, -153, -1, -11, -115, -115, ;


Frequency: 7350, Amplitude pozitiv: 21, Amplitude negativ: 47, .-<<||||   21, -70, -24, ;


Frequency: 5512, Amplitude pozitiv: 62, Amplitude negativ: 4, .-<<||||   25, 59, 103, -4, ;


Frequency: 735, Amplitude pozitiv: 25, Amplitude negativ: 186, .-<<||||   25, -62, -77, -37, -125, -24, -54, -12, -145, -237, -260, -203, -209, -262, -300, -318, -340, -414, -395, -253, -233, -162, -173, -215, -219, -151, -97, -146, -150, -125, ;


Frequency: 11025, Amplitude pozitiv: 49, Amplitude negativ: 66, .-<<||||   49, -66, ;


Frequency: 3675, Amplitude pozitiv: 36, Amplitude negativ: 46, .-<<||||   36, -5, -45, -58, -48, -76, ;


Frequency: 4410, Amplitude pozitiv: 65, Amplitude negativ: 63, .-<<||||   15, 106, 85, 54, -63, ;


Frequency: 11025, Amplitude pozitiv: 9, Amplitude negativ: 5, .-<<||||   9, -5, ;


Frequency: 1837, Amplitude pozitiv: 55, Amplitude negativ: 87, .-<<||||   53, 99, 14, -92, -28, -105, -141, -44, -76, -144, -144, -12, ;


Frequency: 155, Amplitude pozitiv: 208, Amplitude negativ: 132, .-<<||||   27, 204, 136, 118, 157, 64, 206, 204, 241, 201, 336, 390, 356, 440, 416, 297, 294, 257, 297, 391, 288, 207, 236, 273, 273, 136, 90, 14, 8, 57, 113, 147, 154, 209, 163, 200, 103, 138, 194, 150, 179, 265, 254, 277, 265, 354, 295, 144, 156, 234, 258, 252, 234, 184, 334, 336, 243, 150, 244, 250, 265, 305, 255, 334, 260, 230, 189, 158, 190, 238, 270, 171, 102, 172, 175, 104, 170, 138, 193, 188, 90, 93, 90, 9, -8, -137, -100, -1, -19, -210, -42, -1, -120, -87, -151, -119, -241, -131, -142, -179, -255, -228, -324, -252, -251, -338, -210, -210, -127, -202, -206, -202, -84, -81, -105, -119, -43, -167, -199, -136, -145, -122, -75, -27, -1, -1, -107, -96, -68, -68, -114, -114, -146, -199, -138, -177, -160, -120, -132, -192, -22, -40, ;


Frequency: 7350, Amplitude pozitiv: 15, Amplitude negativ: 22, .-<<||||   9, 22, -22, ;


Frequency: 630, Amplitude pozitiv: 101, Amplitude negativ: 49, .-<<||||   91, 120, 124, 79, 130, 39, 1, 22, 12, 138, 146, 83, 90, 107, 158, 182, 30, 118, 113, 73, 120, 133, 192, 133, 226, 143, 1, 59, 91, 144, 124, 68, 58, 98, -49, ;


Frequency: 7350, Amplitude pozitiv: 85, Amplitude negativ: 32, .-<<||||   64, 107, -32, ;


Frequency: 1696, Amplitude pozitiv: 46, Amplitude negativ: 19, .-<<||||   103, 12, 39, 26, 78, 43, 1, 50, 11, 72, 68, 57, -19, ;


Frequency: 424, Amplitude pozitiv: 72, Amplitude negativ: 298, .-<<||||   14, 130, -56, -130, -35, -1, -1, -1, -35, -96, -69, -158, -180, -127, -176, -295, -265, -250, -319, -286, -363, -381, -493, -456, -497, -447, -429, -516, -487, -427, -474, -381, -348, -418, -435, -457, -359, -340, -433, -403, -433, -474, -372, -448, -431, -343, -350, -318, -276, -220, -166, -84, ;


Frequency: 7350, Amplitude pozitiv: 34, Amplitude negativ: 46, .-<<||||   57, 11, -46, ;


Frequency: 225, Amplitude pozitiv: 270, Amplitude negativ: 2, .-<<||||   65, 57, 15, 110, 1, 1, 89, 1, 65, 149, 94, 16, 1, 74, 115, 246, 254, 107, 44, 23, 205, 253, 273, 142, 110, 164, 143, 223, 246, 270, 367, 360, 277, 251, 259, 182, 269, 219, 179, 335, 354, 320, 342, 334, 322, 398, 392, 432, 489, 496, 389, 387, 333, 348, 484, 385, 348, 377, 488, 340, 142, 340, 416, 330, 284, 430, 430, 366, 355, 466, 469, 458, 577, 572, 511, 530, 604, 558, 429, 497, 328, 271, 281, 226, 338, 326, 285, 225, 281, 203, 87, 133, 157, 156, 141, 12, 10, -2, ;


Frequency: 373, Amplitude pozitiv: 27, Amplitude negativ: 322, .-<<||||   27, -59, -112, -219, -241, -147, -141, -201, -293, -218, -331, -359, -269, -232, -297, -213, -286, -338, -307, -324, -310, -371, -348, -437, -480, -415, -507, -501, -514, -515, -533, -447, -378, -344, -394, -491, -481, -348, -476, -418, -508, -520, -474, -415, -430, -505, -381, -459, -327, -300, -92, -121, -149, -100, -202, -88, -86, -123, -128, ;


Frequency: 142, Amplitude pozitiv: 998, Amplitude negativ: 732, .-<<||||   32, 212, 54, 151, 264, 261, 223, 280, 338, 300, 354, 423, 426, 453, 546, 566, 678, 700, 828, 707, 763, 788, 863, 1028, 960, 1006, 1040, 1028, 1002, 1026, 1164, 1162, 1232, 1351, 1265, 1305, 1286, 1217, 1141, 1237, 1188, 1323, 1310, 1264, 1341, 1403, 1343, 1423, 1534, 1460, 1513, 1504, 1580, 1501, 1614, 1651, 1592, 1631, 1678, 1648, 1658, 1786, 1638, 1584, 1499, 1523, 1598, 1413, 1368, 1333, 1202, 1234, 1058, 1030, 1058, 1013, 916, 846, 718, 489, 454, 408, 273, 285, 236, 54, -77, -142, -283, -369, -544, -433, -479, -626, -603, -722, -628, -574, -685, -718, -696, -811, -749, -672, -652, -625, -785, -811, -842, -898, -812, -740, -828, -976, -896, -915, -943, -1017, -1126, -1093, -1016, -1005, -1125, -1046, -1021, -1088, -1007, -968, -950, -865, -1017, -1037, -923, -936, -970, -1003, -1010, -927, -860, -836, -766, -834, -732, -682, -655, -653, -608, -490, -501, -397, -296, -297, -191, -36, -22, ;


Frequency: 123, Amplitude pozitiv: 1510, Amplitude negativ: 838, .-<<||||   60, 133, 188, 236, 244, 391, 380, 387, 415, 569, 583, 597, 666, 632, 650, 600, 827, 833, 834, 941, 1004, 1020, 993, 859, 879, 951, 1106, 1204, 1143, 1257, 1238, 1289, 1311, 1396, 1577, 1645, 1712, 1934, 2075, 2175, 2388, 2459, 2586, 2787, 2835, 3020, 3083, 3243, 3368, 3409, 3358, 3179, 3116, 2936, 2810, 2638, 2535, 2464, 2335, 2247, 1997, 1733, 1495, 1286, 1115, 974, 825, 676, 409, -72, -384, -787, -1070, -1182, -1445, -1399, -1473, -1464, -1328, -1394, -1412, -1540, -1548, -1581, -1604, -1465, -1292, -1098, -1006, -874, -794, -525, -358, -288, -145, -203, -200, -198, -226, -258, -247, -256, -373, -354, -466, -541, -576, -711, -727, -796, -827, -963, -1071, -1260, -1354, -1401, -1537, -1627, -1635, -1704, -1746, -1789, -1729, -1725, -1834, -1704, -1650, -1577, -1551, -1600, -1491, -1351, -1247, -1227, -1088, -936, -841, -659, -592, -511, -403, -333, -445, -421, -396, -433, -320, -210, -201, -182, -252, -270, -288, -269, -306, -390, -446, -515, -466, -539, -684, -579, -574, -626, -637, -638, -742, -709, -743, -699, -734, -772, -634, -665, -432, -530, -402, -230, -179, ;


Frequency: 400, Amplitude pozitiv: 2426, Amplitude negativ: 335, .-<<||||   111, 380, 475, 710, 891, 1002, 1267, 1523, 1800, 2013, 2211, 2403, 2577, 2862, 3062, 3341, 3618, 3723, 3970, 3941, 3860, 3727, 3567, 3511, 3421, 3643, 3708, 3613, 3544, 3260, 2846, 2608, 2353, 2336, 2274, 2105, 1884, 1513, 1013, 411, -77, -393, -497, -382, -258, -168, -50, -219, -415, -440, -550, -546, -517, -383, -143, ;


Frequency: 210, Amplitude pozitiv: 899, Amplitude negativ: 1507, .-<<||||   69, 318, 633, 836, 909, 1058, 1245, 1278, 1194, 1213, 1260, 1362, 1386, 1393, 1326, 1274, 1156, 956, 890, 816, 754, 637, 573, 390, 243, 206, -3, -292, -505, -763, -1186, -1302, -1540, -1649, -1674, -1911, -2048, -2151, -2069, -2172, -2301, -2353, -2401, -2428, -2249, -2229, -2086, -1910, -1851, -1716, -1797, -1724, -1629, -1657, -1591, -1498, -1373, -1265, -1234, -1139, -1133, -1015, -1094, -1268, -1195, -1119, -1113, -1074, -1181, -1262, -1330, -1373, -1587, -1588, -1514, -1739, -1740, -1951, -1921, -1911, -1968, -1973, -1952, -1964, -2013, -2015, -2029, -2024, -1917, -1994, -1973, -1716, -1662, -1495, -1264, -1230, -1078, -1029, -981, -872, -618, -631, -650, -200, -54, ;


Frequency: 132, Amplitude pozitiv: 2096, Amplitude negativ: 1762, .-<<||||   197, 352, 578, 825, 994, 1336, 1673, 1754, 2086, 2443, 2690, 2979, 3232, 3661, 3835, 4157, 4488, 4847, 5111, 5226, 5487, 5513, 5447, 5341, 5056, 4870, 5036, 5067, 5097, 5042, 4743, 4563, 4206, 3799, 3677, 3426, 3389, 3139, 2701, 2454, 1814, 1136, 632, 229, 145, 11, 221, 267, 108, 246, 69, 1, 1, 1, 1, 1, 36, 172, 475, 710, 793, 946, 1011, 1061, 1273, 1298, 1184, 1179, 1146, 1181, 1264, 1213, 1084, 765, 639, 487, 200, 3, -76, -160, -465, -526, -645, -925, -1234, -1467, -1734, -2037, -2255, -2292, -2509, -2732, -2768, -2653, -2620, -2748, -2667, -2790, -2785, -2960, -2796, -2604, -2377, -2277, -2261, -2040, -2030, -2043, -1949, -1779, -1720, -1707, -1581, -1436, -1605, -1662, -1537, -1454, -1529, -1469, -1265, -1240, -1253, -1255, -1241, -1348, -1406, -1372, -1367, -1321, -1458, -1782, -1831, -1870, -1977, -1980, -2073, -2055, -2117, -2093, -2170, -2164, -2224, -2289, -2325, -2392, -2316, -2180, -2186, -2218, -2070, -1982, -1760, -1708, -1679, -1675, -1647, -1673, -1521, -1332, -1184, -1130, -854, -553, -380, -243, ;


Frequency: 135, Amplitude pozitiv: 2580, Amplitude negativ: 2236, .-<<||||   46, 302, 528, 960, 1217, 1735, 2057, 2326, 2574, 2855, 3228, 3574, 3894, 4360, 4584, 5026, 5445, 5553, 5807, 5732, 5493, 5283, 5091, 5164, 5141, 5268, 5575, 5383, 5153, 4885, 4465, 4065, 3938, 3927, 4019, 3915, 3470, 2939, 2466, 1869, 1217, 885, 897, 1009, 1188, 1288, 1249, 1317, 1199, 1042, 815, 874, 946, 910, 1221, 1433, 1731, 1822, 1871, 2006, 2078, 2001, 1989, 1971, 1879, 1846, 1806, 1676, 1586, 1387, 1162, 983, 734, 515, 258, 9, -35, -116, -248, -477, -782, -1181, -1562, -1921, -2247, -2386, -2567, -2682, -2843, -3051, -3255, -3356, -3479, -3640, -3526, -3491, -3567, -3528, -3489, -3300, -3111, -3119, -2871, -2875, -2655, -2469, -2292, -2386, -2256, -2218, -2410, -2420, -2360, -2216, -2183, -2018, -1838, -1770, -1850, -1922, -2103, -2142, -2136, -2154, -1983, -1957, -2129, -2108, -2251, -2482, -2546, -2636, -2618, -2659, -2773, -2806, -2745, -2667, -2771, -2845, -2857, -2902, -2839, -2807, -2786, -2629, -2502, -2326, -2179, -2088, -1999, -1867, -1925, -1873, -1569, -1579, -1374, -1089, -825, -782, -569, -430, -264, ;


Frequency: 133, Amplitude pozitiv: 2726, Amplitude negativ: 2408, .-<<||||   37, 298, 614, 831, 1383, 1632, 2017, 2215, 2544, 2866, 3223, 3547, 3973, 4332, 4650, 5085, 5349, 5660, 5865, 6210, 6441, 6484, 6611, 6393, 5973, 5807, 5677, 5760, 6007, 6180, 6098, 5718, 5197, 4797, 4488, 4296, 4181, 4059, 3932, 3511, 3014, 2344, 1541, 1131, 843, 813, 919, 1101, 1221, 1103, 1024, 921, 813, 544, 444, 556, 790, 1050, 1226, 1395, 1552, 1640, 1672, 1797, 1802, 1986, 2010, 1893, 1883, 1685, 1632, 1515, 1417, 1352, 1086, 990, 876, 506, 433, 257, 109, -32, -345, -487, -677, -961, -1330, -1616, -1913, -2195, -2333, -2519, -2760, -2826, -2782, -2764, -2834, -2950, -3148, -3199, -3137, -3069, -2914, -2785, -2599, -2516, -2429, -2365, -2400, -2241, -2324, -2493, -2455, -2448, -2522, -2403, -2327, -2265, -2162, -2304, -2298, -2322, -2529, -2666, -2524, -2649, -2552, -2509, -2642, -2606, -2813, -2894, -3071, -3015, -3070, -3231, -3262, -3315, -3359, -3380, -3340, -3437, -3521, -3478, -3500, -3385, -3305, -3306, -3180, -2952, -2702, -2559, -2453, -2169, -1973, -1993, -1995, -1834, -1547, -1396, -1124, -971, -796, -541, -289, ;


Frequency: 130, Amplitude pozitiv: 3462, Amplitude negativ: 2760, .-<<||||   171, 403, 765, 1166, 1505, 1963, 2255, 2556, 2915, 3255, 3489, 3837, 4258, 4759, 5147, 5578, 5850, 6185, 6584, 6683, 7009, 7464, 7634, 7728, 7874, 7676, 7404, 7031, 6915, 6907, 6981, 7332, 7239, 6960, 6492, 6044, 5640, 5340, 5250, 5093, 4977, 4712, 4216, 3531, 2869, 2142, 1790, 1572, 1529, 1726, 1648, 1747, 1741, 1666, 1475, 1319, 1000, 892, 867, 971, 1337, 1472, 1753, 1876, 1864, 2022, 1870, 1859, 1862, 1594, 1426, 1253, 1117, 1161, 1171, 1006, 741, 339, 58, -162, -374, -568, -665, -869, -1044, -1175, -1342, -1650, -2097, -2470, -2819, -3069, -3165, -3255, -3474, -3618, -3611, -3657, -3632, -3611, -3801, -3820, -3870, -3843, -3661, -3438, -3376, -3182, -3096, -2911, -2755, -2804, -2799, -2989, -2920, -2846, -2650, -2600, -2709, -2655, -2662, -2721, -2862, -2824, -3064, -3153, -3089, -3068, -3054, -2992, -3108, -3192, -3246, -3417, -3411, -3405, -3533, -3656, -3622, -3672, -3703, -3670, -3698, -3736, -3747, -3828, -3770, -3752, -3723, -3648, -3444, -3189, -3171, -2981, -2807, -2784, -2746, -2570, -2311, -2040, -1917, -1858, -1595, -1441, -1213, -1023, -755, -435, -114, ;


Frequency: 132, Amplitude pozitiv: 3669, Amplitude negativ: 3079, .-<<||||   239, 579, 848, 1106, 1530, 1823, 2067, 2441, 2858, 3165, 3597, 4007, 4431, 4850, 5190, 5611, 6096, 6469, 6752, 7083, 7378, 7547, 7688, 7497, 7158, 6956, 6906, 6977, 7161, 7384, 7548, 7181, 6777, 6389, 5993, 5692, 5625, 5613, 5525, 5146, 4541, 4059, 3237, 2753, 2303, 2191, 2355, 2432, 2525, 2587, 2530, 2428, 2278, 1938, 1774, 1601, 1624, 1772, 1915, 2194, 2230, 2425, 2413, 2326, 2265, 2224, 2234, 1886, 1894, 1746, 1585, 1546, 1391, 1128, 769, 393, 212, -24, -270, -483, -753, -951, -1117, -1239, -1496, -1826, -2248, -2664, -3027, -3304, -3382, -3705, -3721, -3876, -4054, -4029, -3972, -4067, -4143, -4176, -4488, -4434, -4427, -4245, -4045, -3920, -3856, -3601, -3525, -3569, -3721, -3888, -4012, -3992, -3847, -3691, -3531, -3540, -3547, -3551, -3497, -3527, -3669, -3813, -3855, -3871, -3822, -3638, -3532, -3569, -3553, -3626, -3677, -3860, -3833, -3870, -3873, -3956, -4040, -3907, -3763, -3676, -3832, -3863, -3879, -3743, -3771, -3634, -3397, -3297, -3078, -3062, -2848, -2676, -2510, -2369, -2139, -1975, -1788, -1742, -1399, -1100, -983, -829, -529, -203, -81, ;


Frequency: 132, Amplitude pozitiv: 3856, Amplitude negativ: 3542, .-<<||||   320, 601, 971, 1357, 1662, 2018, 2287, 2676, 3034, 3368, 3734, 4213, 4641, 5017, 5523, 5896, 6314, 6645, 6833, 7228, 7598, 7950, 8144, 8309, 8248, 7912, 7659, 7564, 7634, 7815, 7867, 7986, 7665, 7179, 6757, 6241, 5908, 5813, 5810, 5759, 5468, 4979, 4373, 3640, 2815, 2308, 2111, 2227, 2415, 2405, 2472, 2345, 2115, 2116, 1963, 1607, 1480, 1432, 1573, 1884, 2187, 2329, 2483, 2406, 2337, 2194, 2070, 2171, 2007, 1793, 1691, 1647, 1694, 1657, 1425, 1110, 782, 536, 249, -2, -192, -320, -520, -641, -895, -1258, -1687, -2275, -2692, -2950, -3246, -3404, -3575, -3783, -3975, -4013, -4018, -3988, -4141, -4350, -4419, -4591, -4512, -4457, -4369, -4267, -4284, -4267, -4146, -4117, -4158, -4156, -4189, -4190, -4315, -4300, -4202, -4183, -4145, -4041, -4182, -4217, -4174, -4290, -4335, -4299, -4224, -4304, -4294, -4241, -4403, -4456, -4463, -4576, -4507, -4508, -4710, -4762, -4925, -4855, -4816, -4823, -4841, -4892, -4902, -4798, -4558, -4486, -4346, -4224, -4034, -3916, -3653, -3436, -3270, -3086, -2850, -2655, -2406, -2214, -1868, -1574, -1501, -1196, -829, -449, -188, ;


Frequency: 130, Amplitude pozitiv: 3909, Amplitude negativ: 3646, .-<<||||   145, 468, 813, 1278, 1559, 1940, 2135, 2559, 2832, 3171, 3716, 4137, 4446, 4803, 5276, 5712, 6201, 6484, 6744, 7111, 7412, 7615, 7917, 8402, 8652, 8641, 8507, 8075, 7788, 7682, 7819, 7952, 8158, 8090, 7896, 7460, 6950, 6467, 6207, 6056, 5979, 5958, 5471, 4812, 4047, 3359, 2563, 2122, 2037, 2096, 2139, 2192, 2246, 1983, 2030, 1896, 1570, 1396, 1133, 1118, 1283, 1491, 1811, 1912, 1984, 1831, 1845, 1787, 1747, 1769, 1656, 1529, 1525, 1288, 1165, 1085, 905, 617, 165, -12, -267, -594, -803, -957, -1166, -1397, -1567, -1910, -2387, -2858, -3274, -3534, -3838, -4010, -4047, -4293, -4461, -4415, -4473, -4554, -4643, -4712, -4916, -4856, -4837, -4715, -4595, -4494, -4272, -4305, -4208, -4278, -4397, -4264, -4384, -4324, -4272, -4392, -4245, -4153, -4209, -4301, -4287, -4330, -4268, -4324, -4421, -4381, -4470, -4574, -4542, -4649, -4653, -4877, -4913, -4849, -4919, -4893, -4933, -4929, -4934, -5016, -5135, -4944, -4919, -4850, -4733, -4675, -4605, -4377, -4218, -4085, -3929, -3829, -3575, -3239, -3074, -2766, -2542, -2397, -2192, -1975, -1769, -1599, -1217, -906, -641, -216, -14, ;


Frequency: 131, Amplitude pozitiv: 4238, Amplitude negativ: 3696, .-<<||||   379, 700, 850, 1187, 1517, 1925, 2242, 2536, 2845, 3221, 3753, 4133, 4659, 5086, 5334, 5894, 6237, 6666, 7182, 7440, 7823, 8040, 8525, 8966, 9064, 9092, 8749, 8445, 8434, 8516, 8430, 8630, 8879, 8778, 8411, 7829, 7455, 6934, 6785, 6744, 6702, 6637, 6216, 5477, 4710, 3876, 3238, 2861, 2721, 2758, 2964, 3141, 3073, 2961, 2754, 2438, 1989, 1828, 1646, 1644, 1865, 2245, 2387, 2520, 2356, 2240, 2240, 2160, 2137, 1926, 1893, 1939, 1920, 1720, 1537, 1399, 1144, 856, 509, 364, 5, -234, -448, -676, -850, -1173, -1240, -1582, -2119, -2569, -2924, -3137, -3293, -3445, -3546, -3650, -3770, -3862, -4034, -4090, -4246, -4451, -4667, -4753, -4654, -4458, -4348, -4254, -4215, -4258, -4196, -4156, -4191, -4294, -4338, -4389, -4372, -4390, -4377, -4467, -4605, -4629, -4720, -4688, -4703, -4745, -4726, -4734, -4874, -5011, -4986, -5085, -5211, -5379, -5350, -5188, -5124, -5100, -5200, -5219, -5244, -5217, -5306, -5062, -4926, -4858, -4600, -4458, -4306, -4332, -4099, -3924, -3817, -3593, -3274, -2953, -2623, -2369, -2358, -2109, -2002, -1869, -1555, -1312, -967, -690, -331, -23, ;


Frequency: 130, Amplitude pozitiv: 4399, Amplitude negativ: 4077, .-<<||||   332, 645, 922, 1088, 1323, 1740, 2264, 2540, 2702, 3188, 3624, 3985, 4483, 4960, 5252, 5760, 6232, 6583, 7001, 7307, 7723, 8100, 8428, 8813, 9262, 9593, 9566, 9418, 9063, 8853, 8819, 8969, 9243, 9470, 9353, 8910, 8508, 7915, 7546, 7118, 6868, 6954, 6848, 6483, 5820, 5016, 4164, 3248, 2763, 2712, 2761, 2930, 3243, 3156, 2943, 2633, 2240, 2065, 1745, 1752, 1792, 1840, 2019, 2251, 2353, 2352, 2350, 2207, 2136, 2090, 2218, 2133, 1846, 1789, 1728, 1678, 1596, 1377, 905, 615, 429, 134, -146, -384, -593, -842, -1079, -1321, -1690, -2110, -2394, -2733, -3181, -3561, -3558, -3792, -4066, -4158, -4103, -4128, -4354, -4407, -4582, -4905, -5034, -5048, -4977, -4876, -4759, -4639, -4728, -4874, -4893, -4919, -4994, -5069, -4967, -4936, -5082, -5156, -5095, -5280, -5270, -5278, -5316, -5299, -5409, -5451, -5481, -5521, -5638, -5695, -5664, -5671, -5665, -5545, -5646, -5740, -5758, -5704, -5751, -5826, -5648, -5538, -5437, -5352, -5254, -5120, -5052, -4913, -4678, -4479, -4378, -4111, -3754, -3387, -3226, -2926, -2739, -2636, -2525, -2266, -2166, -2012, -1581, -1226, -848, -542, -238, ;


Frequency: 130, Amplitude pozitiv: 4073, Amplitude negativ: 4288, .-<<||||   118, 381, 559, 835, 1136, 1637, 2020, 2508, 2898, 3123, 3527, 3939, 4347, 4771, 5314, 5747, 6199, 6776, 7084, 7372, 7594, 7941, 8365, 8855, 9216, 9222, 9023, 8769, 8493, 8421, 8518, 8528, 8636, 8721, 8478, 8058, 7548, 7047, 6574, 6434, 6377, 6477, 6248, 5647, 4995, 3963, 2943, 2257, 1902, 1885, 2030, 2339, 2523, 2310, 2131, 2022, 1692, 1426, 1245, 1029, 1124, 1497, 1890, 2220, 2216, 2107, 2071, 2013, 2076, 2163, 2038, 1903, 1677, 1627, 1702, 1530, 1353, 997, 799, 558, 236, -46, -340, -663, -851, -1039, -1265, -1560, -1964, -2392, -2867, -3310, -3718, -3850, -3939, -4026, -4197, -4284, -4367, -4529, -4601, -4884, -5053, -5247, -5257, -5102, -5093, -5037, -4874, -5005, -5068, -5064, -5021, -5007, -5135, -5324, -5448, -5393, -5311, -5227, -5258, -5232, -5394, -5422, -5440, -5620, -5688, -5710, -5721, -5771, -5789, -6003, -5968, -5920, -5994, -6024, -6170, -6108, -6039, -6102, -6113, -6133, -6092, -6067, -6010, -5774, -5777, -5582, -5564, -5361, -5071, -4886, -4531, -4351, -4075, -3810, -3480, -3224, -3048, -2853, -2622, -2345, -2184, -1834, -1525, -1155, -737, -382, -38, ;


Frequency: 130, Amplitude pozitiv: 4528, Amplitude negativ: 4005, .-<<||||   238, 509, 906, 1360, 1721, 1957, 2274, 2668, 3187, 3703, 3993, 4443, 5003, 5485, 6048, 6420, 6731, 7221, 7601, 8032, 8359, 8748, 9333, 9707, 9782, 9773, 9579, 9177, 9057, 9068, 9160, 9330, 9552, 9435, 8978, 8545, 8040, 7587, 7291, 7210, 7245, 6936, 6396, 5842, 5078, 4110, 3164, 2707, 2676, 2776, 3081, 3378, 3271, 3086, 2937, 2653, 2274, 1997, 1909, 1766, 1990, 2335, 2585, 2681, 2663, 2605, 2581, 2608, 2575, 2649, 2518, 2377, 2380, 2354, 2114, 1970, 1771, 1492, 1109, 765, 717, 417, 141, -103, -377, -629, -941, -1142, -1613, -2091, -2496, -2962, -3177, -3342, -3396, -3477, -3715, -3779, -3905, -4003, -4162, -4313, -4691, -4776, -4718, -4759, -4453, -4465, -4504, -4600, -4651, -4630, -4665, -4613, -4730, -4843, -4938, -4894, -4896, -4800, -4735, -4789, -4869, -4865, -4891, -5010, -5173, -5195, -5250, -5420, -5426, -5346, -5403, -5528, -5529, -5531, -5411, -5507, -5531, -5518, -5649, -5594, -5577, -5537, -5494, -5490, -5377, -5162, -5111, -5072, -4647, -4458, -4318, -3991, -3755, -3773, -3432, -3258, -3127, -2831, -2749, -2435, -2280, -1790, -1409, -1165, -876, -660, -258, ;


Frequency: 135, Amplitude pozitiv: 4813, Amplitude negativ: 5211, .-<<||||   130, 431, 780, 1163, 1726, 1993, 1931, 2489, 3456, 3818, 3828, 4487, 5299, 5419, 5839, 6693, 7258, 7385, 7816, 8398, 8738, 9349, 9875, 10126, 10033, 9553, 9376, 10190, 10964, 10711, 9852, 9538, 9768, 9358, 9212, 9689, 9488, 8231, 7295, 6580, 6435, 6339, 5870, 5067, 3895, 2715, 1473, 681, 578, 1034, 1248, 938, 380, 335, 930, 1528, 1683, 1901, 1666, 1412, 1740, 2715, 3650, 3883, 3892, 4185, 4693, 5049, 5561, 5713, 5384, 4992, 5406, 5874, 5750, 5104, 4188, 3585, 2617, 1786, 1774, 1450, 904, 94, -678, -1480, -2051, -2657, -3457, -4489, -5774, -6433, -6500, -6423, -6735, -7233, -7778, -8031, -8118, -7695, -7156, -7165, -7211, -6996, -6872, -6507, -5762, -5057, -4850, -4968, -4625, -4179, -3879, -3491, -3352, -3369, -3165, -2726, -2104, -1876, -2035, -2481, -3023, -3353, -3578, -3650, -3933, -4610, -5395, -5829, -6044, -6374, -6865, -7079, -7800, -8232, -8155, -8149, -8444, -8757, -8981, -9221, -9190, -8683, -8231, -7995, -7920, -7703, -7006, -6205, -5275, -4641, -4233, -3924, -3588, -3207, -2587, -2189, -1941, -1635, -1358, -871, -482, ;


Frequency: 432, Amplitude pozitiv: 6293, Amplitude negativ: 1843, .-<<||||   209, 725, 829, 1169, 1796, 2458, 2944, 3249, 3400, 3459, 3739, 4359, 5109, 5723, 6211, 6766, 7328, 8006, 8786, 9482, 10106, 10505, 11204, 12067, 12600, 13081, 13325, 12732, 10867, 7978, 5447, 4104, 4281, 4858, 4637, 3019, -424, -3342, -3666, -1733, -1, -1, -111, -2235, -3602, -3218, -2238, -1834, -2000, -2189, -1053, ;


Frequency: 479, Amplitude pozitiv: 8916, Amplitude negativ: 3485, .-<<||||   2087, 6107, 8645, 9213, 8604, 8565, 9748, 12033, 13778, 13394, 11339, 9201, 8230, 8930, 10209, 10846, 10522, 9439, 8845, 8648, 7908, 6054, 2730, -871, -3348, -3812, -2958, -2403, -3452, -5492, -7246, -7680, -6365, -4251, -3114, -3183, -3639, -3773, -3195, -2372, -2015, -2540, -3299, -3153, -1911, -84, ;


Frequency: 306, Amplitude pozitiv: 966, Amplitude negativ: 5306, .-<<||||   1295, 1143, 352, 1, 387, 1300, 1836, 1416, -428, -2269, -3154, -2789, -2257, -1957, -2486, -3242, -3205, -2558, -2136, -2612, -3888, -5630, -6788, -6880, -6342, -6236, -6761, -7631, -8022, -7663, -7059, -6582, -6965, -7730, -8467, -8652, -8238, -7793, -7948, -8417, -9114, -9320, -8847, -8187, -7855, -8089, -8342, -8322, -7922, -7299, -7134, -7559, -7962, -8074, -7493, -6632, -5678, -5043, -4679, -4328, -3631, -2878, -2196, -1725, -1816, -1855, -1620, -1221, -757, -447, -466, -336, ;


Frequency: 265, Amplitude pozitiv: 6114, Amplitude negativ: 6734, .-<<||||   123, 1045, 1996, 2550, 2751, 2923, 3333, 3974, 4590, 5222, 5754, 6092, 6695, 7412, 8321, 9128, 9691, 10230, 10891, 11401, 11937, 12246, 12315, 12261, 12628, 12294, 11150, 8212, 4040, 1423, 351, 1595, 2992, 2712, 52, 1, 1, 1, 1, 2441, 3352, 1444, 1, 1, 84, 1618, 2493, 2698, 3078, 5648, 10104, 14270, 15728, 14545, 12912, 12321, 13506, 15181, 15136, 12267, 8459, 5509, 5088, 6425, 7263, 6867, 5122, 3600, 2885, 2617, 1167, -2325, -6784, -10180, -11122, -9430, -6919, -5692, -6358, -7329, -7272, -5120, -2277, ;


Frequency: 262, Amplitude pozitiv: 2167, Amplitude negativ: 5050, .-<<||||   98, 1071, 760, 851, 1486, 2621, 3160, 2826, 1806, 1361, 2256, 3958, 5269, 5110, 3562, 1931, 1297, 1503, 1742, 682, -1652, -4116, -5616, -5328, -4199, -3348, -3774, -4686, -4734, -4042, -2978, -2967, -4076, -5961, -7316, -7315, -6329, -5565, -5759, -6405, -6780, -6174, -5285, -4476, -4611, -5665, -6885, -7398, -6922, -6371, -6217, -6652, -7207, -7403, -6952, -6447, -6023, -6187, -6637, -6942, -6687, -6226, -6372, -6618, -7276, -7719, -7349, -6354, -5334, -5056, -5085, -4792, -4207, -3325, -2602, -2376, -2282, -2365, -2050, -1796, -1449, -1026, -994, -510, ;


Frequency: 595, Amplitude pozitiv: 7080, Amplitude negativ: 2201, .-<<||||   279, 1469, 2432, 3102, 3458, 3665, 4230, 5135, 6096, 6558, 6728, 6779, 7264, 8139, 9155, 9687, 9908, 10269, 10674, 11495, 12351, 12998, 12942, 11425, 8744, 5220, 983, -1528, -1895, -631, -1, -1, -1835, -5310, -6544, -4181, -86, ;


Frequency: 512, Amplitude pozitiv: 7751, Amplitude negativ: 5725, .-<<||||   3342, 4838, 3628, 1221, 368, 1642, 2959, 3665, 4992, 6822, 10079, 14449, 17942, 18468, 16605, 14839, 14232, 14903, 15691, 14576, 11072, 6988, 4260, 3799, 4941, 5912, 6005, 4756, 3410, 2450, 1434, -681, -4585, -8566, -11216, -11195, -8832, -6079, -4185, -3980, -4252, -3576, -1556, ;


Frequency: 253, Amplitude pozitiv: 3016, Amplitude negativ: 5234, .-<<||||   1159, 3487, 4187, 3587, 2871, 2599, 2909, 3313, 3454, 2775, 2470, 2910, 3702, 4086, 3289, 1466, -543, -1749, -2142, -2136, -2922, -4816, -6637, -7183, -6665, -5382, -4093, -3445, -3485, -3455, -2956, -2801, -3090, -3887, -5434, -7004, -7289, -6581, -5851, -5393, -5224, -5348, -5404, -5266, -5382, -6126, -7374, -8517, -9165, -9178, -8758, -8425, -8400, -8408, -8282, -7534, -6626, -6315, -6435, -6817, -7382, -7402, -7081, -7260, -7501, -7907, -7960, -7347, -6293, -5106, -4610, -4428, -4582, -4461, -4128, -3719, -3513, -3525, -3503, -3336, -2792, -2185, -1852, -1917, -1885, -1465, -608, ;


Frequency: 630, Amplitude pozitiv: 6913, Amplitude negativ: 4614, .-<<||||   608, 1589, 2074, 2509, 2746, 3257, 4143, 5172, 6129, 6669, 7157, 7650, 8377, 9011, 9537, 10100, 10577, 10838, 11508, 12109, 12567, 12031, 9710, 6165, 609, -3825, -5185, -3795, -1626, -1204, -2822, -6676, -9458, -8053, -3505, ;


Frequency: 512, Amplitude pozitiv: 6898, Amplitude negativ: 5911, .-<<||||   869, 3262, 2890, 276, 1, 1, 979, 1986, 3412, 5390, 8664, 13413, 17872, 19339, 17479, 14876, 13310, 13414, 14453, 14180, 11357, 7187, 3809, 2497, 3277, 4607, 5188, 4393, 2950, 1835, 682, -1278, -4899, -9352, -12427, -13285, -11193, -7272, -3944, -2458, -2287, -1919, -625, ;


Frequency: 250, Amplitude pozitiv: 3865, Amplitude negativ: 5459, .-<<||||   1564, 4081, 5456, 5275, 4604, 3891, 3960, 4355, 4356, 3971, 3353, 3354, 3959, 4476, 3744, 1444, -1094, -3033, -4058, -4392, -4447, -5384, -7003, -7743, -7033, -5563, -3787, -2402, -2304, -2492, -2496, -2216, -2537, -3514, -4887, -6503, -7296, -6698, -5607, -5035, -4742, -5060, -5414, -5492, -5644, -6447, -7882, -9279, -10397, -10387, -9382, -8204, -7626, -7660, -7689, -7473, -6870, -6351, -6454, -7140, -7950, -8304, -8108, -7581, -7576, -7999, -8319, -8169, -7390, -6373, -5568, -5534, -5826, -6007, -5649, -4877, -3910, -3126, -4029, -4002, -2559, -1904, -2279, -2146, -579, -1245, -2775, -167, ;


Frequency: 648, Amplitude pozitiv: 6958, Amplitude negativ: 4516, .-<<||||   2217, 1186, 585, 2968, 4333, 3803, 5242, 7078, 6606, 5772, 6546, 7922, 8090, 8281, 9445, 9714, 9849, 10530, 11710, 12431, 12248, 10624, 7485, 2338, -2979, -5797, -5488, -2706, -870, -1777, -5024, -8296, -7951, -4281, ;


Frequency: 512, Amplitude pozitiv: 6633, Amplitude negativ: 5164, .-<<||||   851, 5037, 5115, 2077, 1, 1, 109, 1523, 3292, 4875, 7159, 11807, 16832, 19462, 18790, 15949, 13220, 12034, 12385, 12756, 10842, 6714, 2914, 1049, 1323, 3106, 4800, 4824, 3399, 2152, 1241, -262, -3213, -7251, -11156, -13605, -12589, -8244, -3809, -1247, -351, -211, -34, ;


Frequency: 250, Amplitude pozitiv: 3967, Amplitude negativ: 5155, .-<<||||   1739, 4730, 6697, 6288, 5107, 3738, 3165, 3899, 4573, 4632, 3521, 2742, 3126, 4286, 4506, 3532, 1167, -1712, -3591, -3986, -3185, -3562, -5894, -7554, -7074, -5258, -2976, -1154, -617, -1634, -2372, -1686, -999, -1403, -3043, -5710, -7761, -7669, -6300, -5190, -4624, -4449, -4705, -4850, -4340, -4209, -5596, -7760, -9345, -9877, -9058, -7774, -6630, -6739, -7226, -7207, -6603, -5289, -4520, -4654, -6007, -7298, -7912, -7776, -7582, -8208, -9020, -9603, -9356, -7936, -6210, -5558, -5817, -6393, -6519, -5864, -4590, -3657, -3850, -4511, -4634, -3948, -2771, -1628, -1133, -1080, -965, -401, ;


Frequency: 612, Amplitude pozitiv: 6743, Amplitude negativ: 3742, .-<<||||   797, 1995, 2627, 2739, 2881, 3443, 4418, 5549, 6311, 6212, 5997, 6230, 7007, 7788, 8623, 9208, 9345, 9499, 10155, 11292, 11632, 11940, 11004, 8201, 3705, -1893, -5636, -6156, -3498, -473, -1, -1706, -6144, -8707, -6374, -577, ;


Frequency: 580, Amplitude pozitiv: 7124, Amplitude negativ: 6443, .-<<||||   4958, 7212, 5200, 1425, 1, 1, 2325, 4478, 6104, 7339, 10131, 14929, 19017, 20337, 18105, 14321, 11546, 10710, 11570, 11334, 8498, 4018, 385, 1, 1583, 4354, 5619, 4595, 2641, 1004, -274, -1760, -4547, -8519, -11762, -12176, -8939, -3572, ;


Frequency: 239, Amplitude pozitiv: 3509, Amplitude negativ: 4980, .-<<||||   988, 3029, 2686, 1746, 2401, 4697, 7279, 8079, 6987, 5033, 3341, 3373, 4245, 4415, 3390, 2228, 1557, 1908, 2739, 2781, 791, -2360, -5090, -7191, -7205, -5849, -5170, -5923, -6828, -6402, -4900, -2715, -572, -1, -1, -680, -1192, -1717, -2421, -3937, -6306, -7482, -6581, -4589, -3199, -2621, -3247, -4430, -5469, -6246, -6776, -7715, -8860, -10000, -10220, -9119, -7651, -6773, -6167, -5700, -5231, -4605, -4238, -4850, -6077, -7492, -8549, -8559, -8059, -7591, -7326, -7287, -7101, -6738, -6177, -5846, -5528, -5485, -5378, -5001, -4393, -4078, -4148, -3986, -3614, -2805, -1612, -527, -282, -589, -768, -400, ;


Frequency: 512, Amplitude pozitiv: 6723, Amplitude negativ: 3096, .-<<||||   307, 1460, 2462, 3154, 3732, 4284, 4891, 5270, 5670, 5921, 6117, 6584, 7165, 7550, 7865, 7967, 8204, 9098, 10128, 11199, 11794, 11779, 11282, 9108, 5108, -843, -6083, -7978, -6287, -2511, -1, -418, -5167, -9348, -8927, -4107, -1, -1, -1, -1, -1708, -2194, -161, ;


Frequency: 711, Amplitude pozitiv: 8262, Amplitude negativ: 6764, .-<<||||   2700, 5238, 6409, 8375, 12600, 17858, 20844, 19836, 15960, 11866, 9823, 10234, 10859, 9606, 5990, 1415, 1, 232, 3403, 5948, 5916, 3701, 1225, -504, -1532, -3567, -7090, -10866, -13206, -11460, -5893, ;


Frequency: 239, Amplitude pozitiv: 3431, Amplitude negativ: 5374, .-<<||||   200, 3612, 3858, 2660, 2127, 3597, 6187, 8154, 7805, 5332, 2954, 2436, 3217, 4223, 3975, 2648, 1337, 1112, 2048, 2712, 1877, -1131, -4298, -6157, -5903, -4451, -3775, -4337, -6320, -7591, -6103, -2542, -1, -1, -32, -1710, -3165, -3218, -2695, -3222, -5382, -7359, -7859, -6774, -4792, -3839, -4533, -5798, -6497, -6695, -6543, -6829, -8014, -9639, -10612, -10054, -8703, -7250, -6487, -6410, -6656, -6570, -6250, -5959, -6407, -7299, -7991, -8280, -8314, -8193, -8240, -8858, -9418, -9128, -8072, -7010, -5834, -5093, -5043, -5023, -4757, -4365, -3935, -3469, -3045, -2508, -2048, -1951, -1900, -1592, -1211, -419, ;


Frequency: 501, Amplitude pozitiv: 6381, Amplitude negativ: 3222, .-<<||||   1007, 2228, 2802, 3137, 3218, 3138, 3189, 3403, 3821, 4078, 4386, 4831, 5362, 6240, 6973, 7916, 8614, 9423, 10547, 11267, 11490, 11473, 11415, 10946, 9357, 5661, -487, -5875, -8038, -5945, -1351, -1, -1, -4016, -9613, -10436, -5212, -1, -1, -1, -1, -3323, -3526, -185, ;


Frequency: 711, Amplitude pozitiv: 8192, Amplitude negativ: 6364, .-<<||||   3890, 6367, 6922, 8068, 11908, 17352, 20691, 19807, 15448, 10468, 7778, 8558, 10091, 9384, 5586, 986, 1, 1, 3031, 5741, 5362, 2801, -79, -1937, -2545, -3998, -6932, -11202, -13571, -11412, -5603, ;


Frequency: 242, Amplitude pozitiv: 3706, Amplitude negativ: 4784, .-<<||||   1011, 5135, 5435, 3464, 2096, 3325, 6160, 8243, 7989, 5559, 3241, 2561, 3632, 4841, 4662, 3214, 1752, 1192, 1574, 1999, 753, -1856, -4771, -6137, -5514, -4259, -3792, -4559, -5504, -5054, -2832, -1, -1, -1, -1, -1499, -2460, -2269, -2051, -3013, -4766, -6195, -6324, -5110, -3676, -3103, -3765, -5164, -6417, -7165, -7982, -8794, -9880, -10602, -10192, -8797, -6800, -4944, -3985, -3912, -4356, -4951, -5333, -5793, -6226, -6921, -7223, -7088, -6825, -6720, -7019, -7173, -7155, -6787, -6220, -5599, -5464, -5505, -5771, -5910, -5514, -4880, -3961, -3086, -2195, -1738, -1455, -1503, -1485, -1207, -722, ;


Frequency: 501, Amplitude pozitiv: 6478, Amplitude negativ: 3039, .-<<||||   28, 1046, 2268, 2932, 3304, 3767, 4184, 4627, 4862, 4945, 5069, 5268, 5798, 6439, 7203, 7883, 8580, 9115, 10071, 11259, 12391, 13042, 12649, 12229, 9933, 5965, 63, -5559, -7849, -6358, -1804, -1, -1, -2531, -7771, -9157, -5182, -1, -1, -1, -1, -1699, -2923, -836, ;


Frequency: 711, Amplitude pozitiv: 8391, Amplitude negativ: 6345, .-<<||||   3123, 6257, 7739, 9113, 12514, 17560, 20952, 20471, 16446, 11572, 8650, 8773, 10115, 9979, 6752, 2329, 1, 1, 3078, 5906, 6234, 4158, 1271, -1104, -2277, -3483, -6085, -9841, -12173, -10521, -5278, ;


Frequency: 239, Amplitude pozitiv: 4235, Amplitude negativ: 4675, .-<<||||   1322, 5904, 6884, 5091, 3252, 3716, 6308, 8638, 8872, 6742, 3926, 2810, 3536, 5066, 5316, 3888, 1887, 578, 1053, 2136, 2028, -131, -3384, -5535, -5538, -3789, -2128, -2511, -4544, -5677, -4284, -1219, -1, -1, -1, -1805, -3104, -2714, -1732, -2021, -3908, -6375, -7833, -6696, -4822, -3628, -3826, -4867, -6303, -7430, -7764, -7722, -8340, -9261, -9391, -8737, -7109, -5500, -4566, -4610, -5163, -5715, -5887, -5641, -5417, -5487, -6114, -6718, -7146, -7253, -7283, -7651, -7901, -7856, -7253, -6213, -5065, -4572, -4672, -5166, -5306, -4685, -3787, -3008, -2564, -2102, -1980, -1798, -1518, -1208, -857, -171, ;


Frequency: 501, Amplitude pozitiv: 6630, Amplitude negativ: 3464, .-<<||||   697, 1632, 2391, 3113, 3448, 3301, 3312, 3532, 3899, 4465, 5082, 5585, 6066, 6648, 7359, 8243, 9151, 9967, 11109, 11768, 12285, 12294, 12291, 11462, 8820, 4485, -2048, -7125, -8745, -5787, -980, -1, -1, -5390, -10415, -10339, -4693, -1, -1, -1, -1, -3427, -3354, -60, ;


Frequency: 711, Amplitude pozitiv: 8110, Amplitude negativ: 5944, .-<<||||   4188, 6722, 7560, 8981, 12762, 17982, 20837, 19415, 14936, 10043, 7670, 8035, 9364, 8746, 5025, 338, 1, 1, 2536, 5187, 5212, 2884, -43, -2141, -2922, -4333, -7224, -10688, -12359, -9928, -3865, ;


Frequency: 239, Amplitude pozitiv: 3878, Amplitude negativ: 4852, .-<<||||   2862, 6731, 6715, 4464, 2855, 3587, 6063, 8238, 8099, 5868, 3309, 2452, 3307, 4595, 4585, 2987, 1173, 328, 905, 1503, 816, -1425, -4427, -6120, -5641, -3906, -2617, -2705, -3333, -3313, -2750, -1145, -1, -1, -1, -1923, -2613, -2983, -3492, -4207, -5335, -6352, -6441, -5641, -4409, -3483, -3770, -5596, -7760, -8868, -9189, -9418, -9373, -8622, -7847, -6941, -5714, -4677, -4275, -4557, -5164, -5909, -6321, -6632, -7130, -7511, -7439, -6951, -6843, -6878, -7147, -7456, -7583, -7567, -7481, -7146, -7143, -6958, -6357, -5591, -4874, -4104, -3374, -2814, -2156, -1691, -1287, -1055, -1267, -1541, -1473, -825, ;


Frequency: 294, Amplitude pozitiv: 5507, Amplitude negativ: 6122, .-<<||||   327, 1635, 2750, 3504, 3788, 3784, 3853, 4050, 4319, 4244, 4384, 4595, 5172, 6009, 7017, 8289, 9210, 10378, 11384, 12249, 12621, 12386, 11894, 10463, 7783, 2310, 1, 1, 1, 1, 105, 2590, 69, 1, 1, 1, 1, 4229, 6968, 4347, 1, 1, 1, 1053, 5336, 7346, 7915, 9737, 14318, 19175, 21044, 18683, 13597, 8778, 6744, 7967, 9106, 7725, 3682, 1, 1, 1, 3232, 5287, 4453, 1593, -1178, -2697, -3340, -4928, -7914, -11422, -12431, -8846, -2345, ;


Frequency: 242, Amplitude pozitiv: 3579, Amplitude negativ: 4645, .-<<||||   4040, 7155, 6473, 3835, 2280, 3490, 6089, 7766, 7185, 4794, 2691, 2264, 3349, 4185, 3645, 1947, 194, 1, 861, 1903, 1027, -2710, -6621, -7726, -5965, -3448, -2123, -2367, -3693, -4527, -2800, -1, -1, -1, -1, -1533, -2497, -2184, -2443, -3921, -5629, -6847, -6946, -5352, -3135, -2420, -3723, -6175, -8316, -9631, -10068, -9800, -9536, -9331, -8779, -7734, -6150, -4276, -2823, -2656, -3341, -4415, -5103, -5498, -6022, -6573, -7095, -7459, -7373, -6673, -5964, -5728, -5847, -5984, -5980, -5995, -5908, -5846, -6124, -6126, -6020, -5506, -4322, -2902, -1372, -539, -171, -174, -380, -456, -384, ;


Frequency: 595, Amplitude pozitiv: 6294, Amplitude negativ: 5151, .-<<||||   304, 1158, 2026, 2821, 3417, 4014, 4446, 4836, 5352, 5342, 5365, 5490, 5520, 6004, 6777, 7574, 8243, 8742, 9755, 10761, 11786, 12313, 12323, 10945, 7194, 1150, -5789, -9645, -9106, -4903, -320, -1, -1541, -7263, -10316, -7396, -389, ;


Frequency: 580, Amplitude pozitiv: 6797, Amplitude negativ: 5862, .-<<||||   6311, 8490, 5352, 391, 1, 1, 1365, 4892, 6829, 8163, 10874, 15980, 20120, 20937, 18115, 13171, 8876, 7236, 8140, 8784, 7138, 3067, 1, 1, 655, 4000, 6082, 5549, 3079, 339, -1556, -2735, -4793, -7979, -11098, -11153, -7099, -484, ;


Frequency: 256, Amplitude pozitiv: 4261, Amplitude negativ: 4420, .-<<||||   5645, 8306, 7501, 4960, 3650, 4768, 7251, 8679, 7740, 5135, 2901, 2636, 3863, 4810, 4405, 2680, 768, 225, 1120, 1860, 597, -2039, -4766, -5648, -4333, -2156, -637, -679, -1468, -1266, -1, -1, -1, -1, -1, -1298, -2907, -3140, -2563, -3512, -5371, -6879, -7288, -6608, -5132, -3991, -4073, -5516, -7382, -8858, -9496, -9131, -8731, -8421, -7285, -5382, -3644, -2439, -1942, -2130, -3214, -4102, -4602, -5037, -5661, -6150, -6523, -6604, -6597, -6795, -7159, -7234, -6821, -6215, -5584, -5233, -5184, -5565, -5901, -5906, -5309, -4218, -3012, -1802, -765, -5, ;


Frequency: 450, Amplitude pozitiv: 5698, Amplitude negativ: 3935, .-<<||||   343, 471, 392, 128, 1, 252, 1166, 2369, 3244, 3719, 3701, 3837, 4222, 4700, 5342, 5480, 5290, 5110, 5342, 6066, 7165, 8293, 9327, 10284, 11399, 12221, 13139, 13442, 13380, 11966, 8334, 2226, -4823, -8797, -8823, -4516, -1, -1, -1081, -7898, -11618, -9376, -2130, -1, -1, -1, -534, -3905, -3394, ;


Frequency: 689, Amplitude pozitiv: 7752, Amplitude negativ: 6116, .-<<||||   461, 4758, 6937, 7799, 10216, 14977, 19812, 21518, 19221, 14105, 9068, 7070, 7842, 8885, 7154, 2879, 1, 1, 1, 3029, 5334, 4956, 2274, -757, -2639, -3903, -5677, -8716, -11905, -12092, -7998, -1360, ;


Frequency: 253, Amplitude pozitiv: 3883, Amplitude negativ: 4397, .-<<||||   4950, 7751, 6514, 3767, 2611, 4126, 6791, 8556, 7882, 5302, 2890, 2054, 2856, 3652, 3236, 1806, 491, 272, 1138, 1028, -1130, -3990, -5816, -5752, -4315, -2370, -1768, -2879, -3835, -3031, -540, -1, -1, -1, -1, -1315, -1971, -2090, -2059, -2758, -4406, -5936, -5971, -4767, -3973, -4037, -4880, -6471, -8121, -9007, -9315, -9382, -9433, -9159, -8121, -6356, -4380, -3041, -2592, -2857, -3701, -4527, -5034, -5317, -5638, -5899, -5880, -5487, -4987, -5302, -5812, -6194, -6317, -6154, -5818, -5712, -5967, -6220, -6155, -5496, -4672, -3746, -2842, -2066, -1273, -493, -71, ;


Frequency: 5512, Amplitude pozitiv: 75, Amplitude negativ: 360, .-<<||||   141, 10, -315, -405, ;


Frequency: 512, Amplitude pozitiv: 6540, Amplitude negativ: 3427, .-<<||||   379, 1556, 2913, 3881, 4469, 4648, 4931, 5370, 5538, 5628, 5253, 5083, 5133, 5853, 6808, 7858, 8697, 9034, 9763, 10823, 11824, 12345, 11976, 9231, 4508, -2365, -8082, -9924, -7835, -3592, -672, -523, -4358, -8457, -8570, -4207, -1, -1, -1, -1, -964, -1832, -313, ;


Frequency: 711, Amplitude pozitiv: 7204, Amplitude negativ: 6119, .-<<||||   2407, 4853, 6538, 8441, 12184, 17015, 19757, 19011, 15340, 10703, 7566, 7032, 7740, 7389, 4705, 1112, 1, 1, 1189, 3668, 4530, 3345, 1185, -633, -2009, -3755, -6478, -9395, -11457, -10081, -5151, ;


Frequency: 250, Amplitude pozitiv: 3522, Amplitude negativ: 4463, .-<<||||   1042, 5604, 6803, 5588, 3678, 3396, 5021, 7218, 8044, 6721, 4174, 2431, 2493, 3504, 4120, 3233, 1444, 144, 94, 1073, 1468, 202, -2346, -4386, -4850, -3329, -1240, -1, -284, -1038, -1047, -856, -173, -1, -1, -471, -1675, -2299, -2701, -3620, -4964, -6341, -7252, -6968, -5957, -4905, -4398, -4934, -6756, -8776, -9575, -9092, -8365, -7389, -6112, -5155, -4657, -4280, -4106, -4173, -4432, -4760, -5132, -5532, -5937, -6564, -6870, -6716, -6520, -6274, -6312, -6569, -6983, -7149, -7079, -6985, -6658, -6596, -6418, -5579, -4274, -3166, -2268, -1639, -1472, -1139, -830, -277, ;


Frequency: 5512, Amplitude pozitiv: 58, Amplitude negativ: 246, .-<<||||   77, 40, -242, -251, ;


Frequency: 595, Amplitude pozitiv: 6717, Amplitude negativ: 5138, .-<<||||   386, 1634, 3083, 4245, 4620, 4409, 3985, 4067, 4351, 4510, 4658, 4497, 4566, 5251, 6449, 7556, 8957, 9979, 10750, 11341, 12188, 13032, 13345, 12539, 9818, 4443, -2889, -8111, -9413, -6234, -1208, -1, -1, -5406, -9864, -9423, -3968, ;


Frequency: 580, Amplitude pozitiv: 6376, Amplitude negativ: 6325, .-<<||||   3518, 7556, 6209, 1378, 1, 1, 69, 4056, 6694, 7409, 9003, 13114, 18117, 20809, 19774, 15565, 10388, 7326, 7224, 8247, 7586, 4122, 1, 1, 1, 1126, 3969, 4566, 3004, 466, -1516, -2563, -3944, -6497, -9935, -11841, -9932, -4373, ;


Frequency: 239, Amplitude pozitiv: 3590, Amplitude negativ: 4186, .-<<||||   2027, 6281, 6929, 4747, 2710, 3090, 5647, 8120, 8381, 6399, 3682, 2165, 2343, 3397, 3415, 2270, 370, 1, 323, 1603, 1499, -1336, -4657, -6321, -5493, -3390, -1611, -1417, -2828, -3934, -2694, -1, -1, -1, -1, -481, -1692, -1646, -1873, -2568, -3963, -5862, -7053, -6408, -4617, -3656, -4059, -5406, -7025, -8311, -8699, -8784, -8769, -8871, -8417, -7402, -5773, -4073, -3180, -3043, -3552, -3944, -4303, -4639, -5142, -5801, -6539, -6699, -6292, -5691, -5587, -6093, -6570, -6739, -6361, -5854, -5358, -5521, -5729, -5372, -4751, -4001, -3249, -2459, -1968, -1506, -910, -311, -1, -152, -467, -387, ;


Frequency: 595, Amplitude pozitiv: 6426, Amplitude negativ: 4638, .-<<||||   335, 1548, 2943, 4094, 4515, 4141, 3881, 4000, 4305, 4957, 4919, 4892, 5219, 5916, 6930, 7960, 9164, 9845, 10311, 11165, 12013, 12220, 12026, 10469, 7211, 2114, -4061, -7910, -8574, -5088, -962, -1, -520, -5497, -8694, -7565, -2148, ;


Frequency: 580, Amplitude pozitiv: 6168, Amplitude negativ: 5230, .-<<||||   3790, 6485, 4926, 629, 1, 1, 1266, 4712, 6801, 7811, 9395, 13154, 17340, 19144, 17489, 13392, 9033, 6969, 7092, 7815, 6637, 3453, 47, 1, 1, 1887, 3853, 3639, 2111, -219, -1755, -2880, -4513, -6851, -9614, -10530, -8036, -2676, ;


Frequency: 245, Amplitude pozitiv: 4067, Amplitude negativ: 4188, .-<<||||   2816, 5688, 5553, 3787, 2611, 3611, 6061, 7827, 7532, 5446, 3130, 2075, 2488, 3068, 2486, 904, -955, -1485, -573, -1, -1, -1057, -3084, -4211, -3782, -2415, -1418, -1575, -2402, -2938, -2877, -1919, -248, -1, -373, -1631, -2254, -2722, -3050, -3709, -5325, -6922, -7727, -7400, -6500, -5563, -5370, -6588, -8018, -8525, -8639, -8142, -7322, -6433, -6025, -5802, -5367, -4838, -4492, -4463, -4653, -5226, -5583, -5698, -5861, -5882, -5779, -5729, -6140, -6957, -7512, -7499, -7207, -6807, -6625, -6535, -6474, -5971, -5004, -3951, -3163, -2783, -2477, -2246, -1669, -1100, -661, -258, -201, -191, ;


Frequency: 490, Amplitude pozitiv: 6482, Amplitude negativ: 3328, .-<<||||   172, 1043, 2192, 3186, 3881, 4037, 4013, 4032, 4175, 4278, 4279, 4428, 4517, 5133, 6179, 7181, 8434, 9465, 9994, 10430, 11129, 12276, 12709, 12680, 11817, 8903, 4472, -1771, -6754, -8522, -6610, -2432, -1, -164, -4408, -9013, -9487, -5170, -1, -1, -1, -1, -2029, -2854, -698, ;


Frequency: 689, Amplitude pozitiv: 7046, Amplitude negativ: 5313, .-<<||||   2861, 5862, 6868, 7997, 11114, 15665, 18834, 18638, 15553, 11054, 7614, 7020, 7851, 7626, 4889, 920, 1, 1, 66, 2923, 4253, 3265, 1201, -916, -2118, -3263, -5476, -8679, -11134, -10243, -5890, -105, ;


Frequency: 245, Amplitude pozitiv: 3905, Amplitude negativ: 4731, .-<<||||   4237, 5457, 4240, 2567, 2941, 5160, 7496, 8207, 6717, 4145, 2129, 1853, 2580, 2759, 1844, 156, -1452, -1691, -730, -28, -616, -2475, -4514, -5608, -4929, -3472, -3097, -3909, -4510, -3836, -2251, -368, -1, -1, -1776, -2480, -2288, -1566, -1537, -3234, -5820, -7777, -7917, -7098, -6172, -5436, -5477, -6745, -8152, -8799, -8908, -9163, -8924, -8185, -7452, -6660, -6169, -5781, -5843, -6074, -6559, -6786, -6348, -5942, -5662, -5477, -5571, -6280, -7314, -8211, -8726, -8708, -8196, -7191, -6303, -5622, -5476, -5576, -5366, -4797, -3936, -3203, -2806, -2453, -2089, -1879, -1596, -1334, -1081, -686, ;


Frequency: 580, Amplitude pozitiv: 6278, Amplitude negativ: 4821, .-<<||||   303, 1576, 2762, 3434, 3706, 3609, 3252, 3187, 3451, 4151, 4546, 4785, 4841, 5204, 6147, 7199, 8423, 9573, 10339, 10884, 11358, 11689, 11944, 11771, 10539, 7614, 3234, -2830, -7209, -8312, -5689, -1483, -1, -1, -4893, -9152, -9006, -4465, ;


Frequency: 565, Amplitude pozitiv: 5733, Amplitude negativ: 5254, .-<<||||   1939, 5939, 5567, 1755, 1, 1, 283, 3450, 5947, 6847, 7719, 10350, 14739, 17481, 17077, 14267, 10333, 7745, 7386, 8128, 7761, 4815, 1090, 1, 1, 496, 2811, 3973, 3098, 1012, -876, -2356, -3686, -5930, -8687, -10374, -9350, -5431, -597, ;


Frequency: 242, Amplitude pozitiv: 3534, Amplitude negativ: 4400, .-<<||||   2804, 4010, 3137, 1960, 2472, 4476, 6800, 7647, 6527, 4228, 2400, 1828, 1934, 1849, 949, -403, -1317, -962, -67, -1, -131, -1483, -2823, -3122, -2512, -1981, -1928, -2377, -2783, -3271, -2999, -1946, -774, -592, -1004, -1245, -1677, -2488, -3442, -4905, -6390, -7353, -7833, -7475, -6517, -5905, -6320, -7486, -8292, -8551, -8580, -7966, -6843, -6054, -5924, -6021, -6106, -6076, -6231, -6180, -6170, -6152, -6184, -6414, -6241, -6021, -5966, -6328, -7142, -7973, -8373, -8150, -7898, -7344, -6927, -6830, -6534, -5806, -4541, -3456, -2931, -2659, -2766, -2761, -2163, -1566, -1086, -852, -1043, -1148, -662, ;


Frequency: 286, Amplitude pozitiv: 5285, Amplitude negativ: 5216, .-<<||||   260, 1513, 2622, 3074, 2931, 2856, 2849, 2999, 3287, 3256, 3265, 3468, 4199, 5537, 6924, 8204, 9068, 9629, 10323, 11376, 12127, 12529, 12270, 11702, 10451, 8174, 3852, 1, 1, 1, 1, 62, 2516, 239, 1, 1, 1, 1, 3336, 7074, 5573, 973, 1, 1, 1195, 5310, 7126, 6812, 7355, 10517, 15150, 18384, 18773, 15773, 11235, 8207, 7728, 8578, 8278, 5813, 2089, 1, 1, 814, 3310, 4316, 3257, 843, -1226, -2818, -4140, -5835, -8194, -9512, -8714, -5345, -1164, ;


Frequency: 247, Amplitude pozitiv: 3180, Amplitude negativ: 4577, .-<<||||   2101, 3580, 2967, 1961, 2198, 3777, 5767, 6793, 6246, 4624, 2809, 1662, 1305, 1239, 672, -462, -1452, -1610, -943, -173, -1, -837, -2662, -3894, -4197, -3781, -3648, -3440, -3796, -4365, -4275, -3625, -2816, -1736, -897, -766, -1455, -2236, -3912, -6107, -7338, -7595, -7464, -7248, -6431, -6153, -6639, -7241, -7882, -8483, -8371, -7610, -6864, -6467, -6274, -6558, -6735, -6566, -6091, -5746, -5584, -5465, -5544, -5381, -5426, -5944, -6928, -7778, -8492, -8268, -7241, -6321, -5934, -5909, -6348, -6684, -6209, -5188, -4134, -3309, -2774, -2600, -2411, -2034, -1437, -1161, -839, -568, -13, ;


Frequency: 580, Amplitude pozitiv: 6511, Amplitude negativ: 4710, .-<<||||   996, 1862, 2478, 2768, 2842, 2651, 3362, 4282, 4784, 5056, 4947, 4745, 4869, 5828, 7408, 8606, 9515, 10080, 10497, 11121, 11887, 12623, 12782, 12168, 9796, 6438, 1422, -3639, -6530, -6589, -3929, -1374, -460, -2938, -7419, -9326, -7415, -2198, ;


Frequency: 565, Amplitude pozitiv: 6119, Amplitude negativ: 4555, .-<<||||   3599, 6275, 4643, 813, 1, 1, 919, 4007, 6177, 6890, 8217, 11065, 14545, 16517, 16434, 14184, 11090, 9112, 8681, 9053, 8187, 5567, 2340, 169, 1, 1438, 3568, 4641, 3819, 1640, -633, -2429, -3976, -5686, -7407, -8258, -7394, -4372, -848, ;


Frequency: 245, Amplitude pozitiv: 3515, Amplitude negativ: 4432, .-<<||||   1730, 2590, 2246, 1983, 2781, 4768, 6625, 7190, 6256, 4672, 3198, 2700, 2494, 2257, 1240, -211, -1035, -1100, -472, -179, -379, -1168, -2040, -2266, -2388, -2493, -2423, -2351, -2760, -2815, -2499, -2489, -2341, -1825, -1053, -468, -209, -989, -3206, -5406, -7123, -8169, -8156, -7133, -6301, -6384, -6952, -7424, -8102, -8544, -8373, -7899, -7011, -6186, -5738, -5891, -6267, -6749, -7098, -6991, -6540, -6155, -5652, -5234, -5435, -5717, -6226, -7212, -8222, -8854, -8977, -8361, -7255, -6424, -5919, -6067, -6056, -5495, -4849, -3751, -3038, -2676, -2455, -2208, -1834, -1357, -1017, -1048, -960, -394, ;


Frequency: 612, Amplitude pozitiv: 6807, Amplitude negativ: 5062, .-<<||||   646, 1790, 2773, 3336, 3441, 3414, 3576, 4302, 4974, 5286, 5336, 5285, 5563, 6386, 7899, 9289, 10220, 10796, 11352, 12071, 13032, 14017, 13534, 11131, 6932, 604, -4655, -6878, -5740, -2768, -735, -1088, -4953, -8914, -9219, -5670, ;


Frequency: 551, Amplitude pozitiv: 6151, Amplitude negativ: 5387, .-<<||||   199, 4896, 5978, 3459, 121, 1, 1, 1994, 4493, 5747, 6779, 8797, 12345, 15509, 17076, 16519, 13963, 11242, 10004, 9974, 9835, 8513, 5655, 2274, 1, 1, 1214, 3646, 4718, 3993, 1748, -939, -3516, -5557, -7411, -8741, -8849, -7503, -4442, -1533, ;


Frequency: 239, Amplitude pozitiv: 2977, Amplitude negativ: 4623, .-<<||||   537, 1037, 662, 861, 2216, 4157, 6329, 7283, 6710, 5334, 3951, 3119, 2383, 1860, 1060, 148, -552, -729, -866, -1133, -1389, -2031, -2399, -2203, -1820, -1717, -2372, -3286, -3677, -3635, -3140, -2671, -2152, -1841, -1692, -1393, -1322, -1873, -3063, -4633, -6076, -6688, -6649, -6481, -6491, -6552, -6992, -7719, -8309, -8276, -8414, -8304, -7330, -6410, -5858, -5692, -6124, -7234, -7912, -8183, -7856, -7235, -6755, -6522, -6471, -6408, -6387, -6514, -6898, -7696, -8477, -8654, -8452, -7718, -7027, -6523, -6242, -5712, -4505, -3376, -2476, -2226, -2571, -2879, -2574, -2103, -1685, -1344, -1341, -1490, -1403, -556, ;


Frequency: 630, Amplitude pozitiv: 6931, Amplitude negativ: 4765, .-<<||||   849, 2051, 2886, 3251, 3369, 3691, 4170, 4631, 4954, 4951, 5024, 5720, 6953, 8443, 9684, 10542, 11151, 11723, 12556, 13428, 13383, 11828, 8378, 2730, -2924, -6127, -6063, -4014, -1995, -1557, -4293, -7834, -8938, -6698, -1980, ;


Frequency: 525, Amplitude pozitiv: 6188, Amplitude negativ: 4024, .-<<||||   2801, 5104, 3649, 783, 1, 1, 1783, 4306, 5920, 6466, 7337, 9599, 12390, 14830, 16011, 15073, 12725, 10934, 9948, 9910, 9546, 8102, 5367, 2476, 922, 1015, 2482, 4035, 4280, 3153, 892, -2209, -4641, -6418, -7263, -7318, -6342, -4667, -2900, -1526, -698, -286, ;


Frequency: 250, Amplitude pozitiv: 2928, Amplitude negativ: 4323, .-<<||||   251, 1195, 2452, 4134, 5460, 6322, 6576, 5883, 4954, 3581, 2194, 1289, 759, 751, 694, 354, -522, -1241, -1504, -1566, -1177, -1094, -1559, -2396, -2997, -3039, -2652, -2454, -2654, -3056, -3389, -2967, -2188, -1328, -1209, -2137, -4023, -5504, -6012, -6092, -5742, -5301, -5205, -5806, -6697, -7267, -7829, -8044, -7813, -7221, -6319, -5580, -5093, -5275, -5759, -6327, -6828, -7009, -6858, -6495, -6221, -6157, -5967, -5964, -6454, -7216, -7857, -8003, -7580, -6815, -6169, -5804, -5931, -5956, -5429, -4293, -2901, -2088, -1711, -2054, -2286, -1903, -1437, -939, -695, -823, -955, -473, ;


Frequency: 612, Amplitude pozitiv: 6772, Amplitude negativ: 3247, .-<<||||   690, 1942, 2724, 3114, 3226, 3646, 4388, 5286, 5859, 5946, 5650, 5538, 5812, 6749, 8151, 9202, 10165, 10401, 10952, 11677, 12562, 12877, 11524, 8063, 3168, -1104, -3746, -3613, -2034, -772, -1497, -4166, -6568, -6988, -4679, -553, ;


Frequency: 512, Amplitude pozitiv: 5919, Amplitude negativ: 3549, .-<<||||   3037, 4381, 3314, 1608, 583, 773, 2197, 3713, 4670, 4839, 5371, 6962, 8719, 10771, 12452, 12609, 11904, 10837, 10137, 9654, 9104, 8473, 7314, 5645, 4016, 3139, 3150, 3824, 4250, 3860, 2189, -260, -3037, -5265, -6600, -6370, -4888, -3511, -2573, -2640, -3073, -2802, -1570, ;


Frequency: 253, Amplitude pozitiv: 2320, Amplitude negativ: 4195, .-<<||||   122, 1873, 2871, 3330, 3418, 3577, 4105, 4592, 4544, 3524, 2147, 1123, 904, 1011, 1318, 917, 72, -1064, -1515, -1112, -392, -1, -1, -485, -1344, -1593, -1222, -991, -980, -1372, -2394, -3356, -3690, -3676, -3836, -4501, -5065, -5913, -6234, -5910, -5221, -4702, -4907, -5672, -6723, -7674, -8310, -8241, -7487, -6574, -5709, -5054, -4979, -5182, -5474, -5647, -5886, -6076, -6469, -6955, -7232, -7178, -6852, -6545, -6761, -7420, -7902, -7987, -7114, -6099, -5200, -4607, -4461, -4306, -4105, -3548, -2946, -2341, -2130, -2100, -2033, -1540, -984, -782, -681, -680, -596, ;


Frequency: 630, Amplitude pozitiv: 5469, Amplitude negativ: 1652, .-<<||||   153, 1084, 1986, 2742, 2935, 2936, 3290, 3898, 4662, 5286, 5605, 5614, 5483, 6015, 6797, 7531, 8129, 8545, 8930, 9498, 9892, 9572, 8272, 5526, 2366, -155, -1047, -657, -1, -1, -1516, -3471, -4442, -3764, -1468, ;


Frequency: 490, Amplitude pozitiv: 5097, Amplitude negativ: 1450, .-<<||||   1192, 2847, 3030, 2302, 1706, 1424, 2019, 3224, 4002, 3797, 3682, 3866, 4262, 5469, 6911, 7796, 8055, 8076, 7945, 7976, 8107, 8194, 7941, 7436, 6733, 6215, 5946, 5956, 6066, 5865, 5092, 3530, 1560, -345, -1736, -2299, -1932, -988, -426, -518, -1359, -2348, -2673, -2119, -659, ;


Frequency: 247, Amplitude pozitiv: 559, Amplitude negativ: 5321, .-<<||||   747, 1329, 1239, 651, 214, 168, 326, 490, 443, 86, 1, 1, 1, 67, 428, 493, 119, 54, 47, 631, 1339, 1836, 1973, 1469, 715, 203, 27, -69, -250, -1062, -2199, -3451, -4814, -5628, -5895, -6220, -6438, -6626, -6904, -7183, -7143, -7023, -7277, -7686, -8055, -8460, -8771, -8594, -8009, -7388, -6890, -6445, -6234, -6043, -5847, -5594, -5366, -5427, -5698, -5896, -5833, -5956, -6005, -6419, -6962, -7293, -7465, -7123, -6651, -5978, -5278, -4893, -4633, -4476, -4524, -4438, -4449, -4658, -4749, -4649, -4313, -3820, -3311, -3012, -2745, -2510, -1918, -1023, -252, ;


Frequency: 130, Amplitude pozitiv: 3705, Amplitude negativ: 3448, .-<<||||   417, 884, 1130, 1219, 1602, 2145, 2541, 2850, 3306, 3484, 3910, 4431, 4971, 5541, 5942, 6202, 6249, 6463, 6649, 6714, 6863, 6782, 6398, 5763, 4956, 4607, 4582, 5173, 5886, 6426, 6722, 6379, 6153, 6217, 6795, 7539, 8025, 8126, 7798, 7398, 7006, 6594, 5914, 4742, 3547, 2298, 1560, 1475, 1875, 2303, 2304, 2332, 2240, 1687, 1145, 796, 904, 1425, 2149, 2873, 3422, 3616, 3423, 3040, 2438, 1836, 1223, 848, 683, 829, 1354, 2188, 2688, 2733, 2407, 2081, 1945, 2040, 2380, 2731, 2663, 2233, 1484, 593, -205, -712, -868, -1135, -1426, -1779, -2342, -3091, -3353, -3353, -3008, -2415, -1727, -1074, -1070, -1195, -1337, -1336, -1045, -769, -716, -1153, -1792, -2742, -3328, -3508, -3493, -3599, -3936, -4368, -4927, -4895, -4625, -4258, -4135, -4102, -4528, -5230, -5535, -5673, -5374, -4860, -4595, -4594, -4717, -4696, -4539, -4137, -4168, -4440, -5066, -5509, -5718, -5687, -5229, -4959, -4777, -5319, -5596, -5820, -5901, -5585, -5005, -4382, -3954, -3670, -3797, -3849, -3966, -3899, -3802, -3679, -3713, -3873, -4052, -3995, -3738, -3232, -2578, -2032, -1609, -1454, -1069, -622, -80, ;


Frequency: 132, Amplitude pozitiv: 4100, Amplitude negativ: 4079, .-<<||||   348, 731, 809, 905, 1281, 1641, 2197, 2749, 3237, 3790, 4202, 4602, 5349, 5844, 6416, 6922, 7295, 7628, 7609, 7422, 6841, 6200, 5828, 5710, 6031, 6687, 7260, 7226, 6765, 6372, 6140, 6429, 6735, 7141, 7402, 7299, 7198, 6744, 6173, 5050, 3530, 2148, 997, 393, 456, 902, 1487, 1832, 2021, 2118, 2007, 1890, 1902, 2185, 2841, 3520, 4217, 4782, 4920, 4847, 4779, 4552, 4264, 3933, 3484, 3069, 3029, 3448, 3951, 4138, 4087, 3814, 3552, 3441, 3503, 3944, 4098, 3845, 3103, 2033, 881, 85, -348, -529, -918, -1498, -2155, -2821, -3290, -3334, -3254, -3074, -2762, -2479, -1927, -1864, -1818, -1854, -1792, -1933, -2223, -2350, -2558, -2842, -3175, -3484, -3795, -4107, -4441, -4829, -5436, -5781, -5891, -5419, -4879, -4436, -4341, -4750, -5208, -5666, -5866, -5977, -5770, -5459, -5254, -5167, -5166, -5313, -5422, -5900, -6499, -6974, -7413, -7572, -7259, -6852, -6365, -6084, -6160, -6211, -6483, -6524, -6135, -5436, -4781, -4188, -3922, -4164, -4431, -4735, -4653, -4528, -4179, -4028, -4223, -4283, -4032, -3411, -2823, -2128, -1863, -1687, -1627, -1252, -826, -404, ;


Frequency: 129, Amplitude pozitiv: 4116, Amplitude negativ: 3923, .-<<||||   52, 165, 502, 838, 1289, 1904, 2393, 2782, 3231, 3705, 4206, 4969, 5577, 6183, 6558, 7121, 7617, 8174, 8820, 9160, 9179, 8669, 8258, 7712, 7470, 7508, 7656, 7799, 7818, 7310, 6795, 6617, 6536, 6518, 6480, 6456, 6246, 5953, 5733, 5202, 4130, 2686, 1126, 193, 1, 1, 98, 558, 1042, 1307, 1613, 1777, 1715, 1733, 1826, 2358, 3013, 3940, 4721, 5053, 5050, 4964, 4869, 4656, 4281, 4006, 3582, 3225, 3276, 3728, 3850, 3731, 3437, 2922, 2536, 2362, 2691, 2800, 2483, 1795, 1014, 248, -69, -364, -546, -898, -1831, -2575, -3150, -3507, -3537, -3180, -2835, -2336, -1878, -1288, -1152, -1305, -1590, -2153, -2473, -2722, -2868, -2882, -3203, -3441, -3676, -3761, -3719, -3904, -4047, -4208, -4279, -4355, -4147, -4042, -4025, -4335, -4590, -5059, -5460, -5431, -5451, -5146, -4719, -4379, -4348, -4463, -4894, -5453, -5930, -6192, -6598, -6943, -6916, -6736, -6360, -6021, -5854, -6114, -6588, -6936, -6807, -6588, -6077, -5567, -5494, -5635, -5762, -5716, -5515, -5218, -5035, -5001, -4861, -4940, -4793, -4262, -3671, -3083, -2619, -2338, -2170, -1945, -1643, -1245, -1035, -822, -504, -97, ;


Frequency: 132, Amplitude pozitiv: 4283, Amplitude negativ: 4199, .-<<||||   546, 1298, 1676, 1908, 2341, 2747, 3422, 4284, 4912, 5449, 5907, 6222, 6458, 7015, 7498, 8034, 8527, 9059, 9234, 8865, 8538, 8189, 7783, 7866, 8259, 8580, 8623, 8187, 7695, 7314, 7082, 7276, 7343, 7601, 7470, 7027, 6359, 5368, 4293, 2908, 1629, 468, 1, 1, 400, 1000, 1501, 1680, 1679, 1501, 1085, 994, 1247, 1886, 3010, 3960, 4632, 4809, 4788, 4617, 4272, 4026, 3596, 3416, 3317, 3314, 3567, 3775, 3755, 3452, 3088, 2510, 2086, 2034, 1967, 1813, 1441, 790, 346, 29, -393, -820, -1371, -1941, -2559, -3086, -3427, -3753, -3868, -3659, -3025, -2333, -1599, -1118, -1136, -1493, -2061, -2298, -2362, -2423, -2572, -2959, -3306, -3485, -3347, -3096, -2987, -3192, -3784, -4302, -4572, -4386, -4024, -3924, -4113, -4575, -5278, -5727, -5848, -5833, -5676, -5479, -5309, -5285, -5477, -5690, -5849, -6184, -6585, -7105, -7250, -7260, -7045, -6788, -6488, -6379, -6532, -6608, -6607, -6397, -6264, -5965, -5881, -5772, -5967, -6148, -6082, -5979, -5954, -5784, -5514, -5426, -5038, -4814, -4532, -4201, -3836, -3434, -3091, -2710, -2346, -2138, -2042, -1774, -1436, -934, -230, ;


Frequency: 132, Amplitude pozitiv: 4338, Amplitude negativ: 4354, .-<<||||   401, 903, 1272, 1634, 2045, 2483, 3094, 3930, 4499, 5005, 5275, 5612, 6162, 6728, 7250, 7570, 7860, 8199, 8651, 8670, 8234, 7555, 7067, 7145, 7611, 8134, 8608, 8397, 7788, 7250, 7184, 7515, 7826, 7908, 7659, 7167, 6559, 5985, 5439, 4328, 2874, 1782, 956, 733, 1131, 1655, 2091, 2226, 2187, 1967, 1762, 1623, 1741, 2306, 2834, 3855, 4587, 4842, 4865, 4630, 4494, 4150, 3963, 3783, 3791, 3635, 3333, 3516, 3700, 3750, 3716, 3429, 2859, 2617, 2428, 2322, 2203, 1895, 1403, 896, 559, 77, -322, -1126, -2011, -2858, -3563, -3917, -4119, -3801, -3415, -2829, -2309, -1815, -1755, -2139, -2703, -3104, -3411, -3522, -3441, -3530, -3589, -3661, -3506, -3265, -3161, -3520, -3982, -4647, -5126, -5078, -4737, -4516, -4692, -4906, -5319, -5673, -5880, -5688, -5438, -5387, -5518, -5542, -5736, -6097, -6272, -6686, -7111, -7533, -7558, -7299, -7060, -6637, -6356, -6261, -6364, -6345, -6294, -6296, -6124, -5942, -5949, -5853, -5774, -5619, -5271, -5006, -4933, -5031, -5026, -4758, -4580, -4306, -3935, -3737, -3584, -3399, -3050, -2754, -2521, -2365, -2131, -1836, -1300, -760, -149, ;


Frequency: 132, Amplitude pozitiv: 4483, Amplitude negativ: 4448, .-<<||||   509, 952, 1170, 1456, 1979, 2658, 3499, 4131, 4535, 4944, 5407, 6028, 6707, 7261, 7625, 7951, 8206, 8441, 8946, 9123, 8707, 8130, 7557, 7265, 7483, 8029, 8461, 8413, 8045, 7539, 7365, 7452, 7442, 7318, 7153, 6763, 6406, 6212, 5670, 4957, 3782, 2574, 1753, 1423, 1730, 2309, 2776, 2931, 2794, 2574, 2525, 2432, 2413, 2755, 3215, 3959, 4808, 5302, 5411, 5105, 4366, 3957, 3769, 3442, 3344, 3121, 2695, 2694, 2946, 3102, 3402, 3542, 3153, 2779, 2522, 2337, 2349, 2278, 2021, 1631, 1192, 866, 183, -512, -1319, -2109, -2728, -3133, -3419, -3333, -2931, -2513, -1918, -1629, -1671, -2227, -2779, -3301, -3422, -3604, -3614, -3563, -3581, -3637, -3621, -3406, -3401, -3702, -4282, -4743, -5137, -5125, -4978, -4572, -4340, -4367, -4566, -4715, -5034, -5313, -5419, -5344, -5448, -5453, -5646, -5907, -6262, -6521, -6872, -7313, -7336, -7362, -7414, -7236, -7140, -7023, -6757, -6672, -6652, -6722, -6743, -6800, -6644, -6423, -6239, -5913, -5628, -5419, -5486, -5472, -5349, -5104, -4737, -4523, -4245, -3947, -3751, -3710, -3358, -2943, -2741, -2487, -2301, -1979, -1580, -1021, -350, ;


Frequency: 132, Amplitude pozitiv: 4782, Amplitude negativ: 4470, .-<<||||   125, 568, 1026, 1370, 1975, 2550, 3259, 3959, 4353, 4875, 5394, 6039, 6530, 6957, 7596, 8189, 8712, 9198, 9699, 9779, 9593, 9108, 8342, 8086, 8154, 8541, 9063, 9200, 8969, 8415, 8005, 7812, 7728, 7486, 7388, 7211, 6975, 6578, 6210, 5441, 4320, 3006, 2043, 1677, 1763, 2280, 2732, 2891, 3111, 3200, 2995, 2943, 2799, 2793, 3158, 3915, 4801, 5365, 5502, 5223, 4838, 4520, 4221, 3987, 3745, 3407, 2974, 2923, 2958, 3406, 3671, 3655, 3428, 2890, 2557, 2430, 2292, 2159, 1970, 1519, 1118, 511, -43, -661, -1266, -1904, -2472, -2955, -3284, -3453, -3215, -2708, -2327, -1916, -1991, -2553, -3499, -4086, -4188, -4091, -3799, -3464, -3225, -3315, -3430, -3616, -3779, -4092, -4445, -4698, -5074, -4992, -4903, -4590, -4430, -4487, -4582, -4773, -4858, -4992, -4923, -5036, -5068, -5125, -5381, -5598, -5836, -5981, -6144, -6349, -6681, -6919, -7054, -7072, -6973, -6957, -6792, -6760, -6812, -6880, -7173, -7276, -7177, -6880, -6362, -6055, -5944, -5958, -5936, -5975, -5880, -5564, -5233, -4814, -4453, -4190, -4035, -3850, -3586, -3291, -3064, -2710, -2437, -2224, -1800, -1167, -456, ;


Frequency: 132, Amplitude pozitiv: 4716, Amplitude negativ: 4492, .-<<||||   221, 790, 1298, 1830, 2269, 2712, 3185, 3681, 4368, 4921, 5394, 5761, 6183, 6735, 7242, 8023, 8593, 8987, 9356, 9015, 8483, 7917, 7721, 7654, 7885, 8394, 8421, 8430, 8007, 7548, 7183, 7165, 7248, 7252, 7213, 7078, 6851, 6608, 6111, 5022, 3645, 2450, 1681, 1528, 2090, 2743, 3154, 3253, 3182, 2986, 2867, 2844, 2813, 3282, 3962, 4856, 5515, 5773, 5946, 5534, 5163, 4870, 4431, 4078, 3760, 3461, 3312, 3383, 3768, 3972, 4117, 4079, 3637, 3373, 3121, 2874, 2692, 2353, 2148, 1813, 1282, 783, 147, -652, -1384, -2182, -2716, -3064, -3289, -3178, -2947, -2526, -2158, -1927, -2087, -2516, -3047, -3424, -3429, -3242, -2973, -2772, -2759, -2861, -3055, -3118, -3272, -3725, -4067, -4308, -4624, -4501, -4178, -3961, -3787, -3971, -4188, -4725, -5105, -5323, -5430, -5418, -5533, -5600, -5726, -5963, -6279, -6585, -6857, -7214, -7635, -7810, -7918, -7948, -7766, -7373, -7214, -7003, -7108, -7338, -7290, -7246, -7157, -6750, -6246, -5847, -5616, -5418, -5318, -5469, -5376, -5176, -5092, -4828, -4415, -4040, -3703, -3365, -3191, -3072, -2917, -2718, -2380, -1865, -1191, -470, ;


Frequency: 132, Amplitude pozitiv: 4763, Amplitude negativ: 3955, .-<<||||   190, 798, 1348, 1816, 2208, 2673, 3197, 3651, 4278, 4950, 5574, 6123, 6661, 6982, 7508, 8079, 8639, 9236, 9477, 9396, 9033, 8529, 8103, 7871, 7987, 8429, 8653, 8710, 8274, 7616, 7253, 7155, 7043, 7029, 7103, 7024, 7040, 6803, 6345, 5731, 4524, 3214, 2391, 1991, 2154, 2857, 3482, 3502, 3502, 3388, 3186, 3106, 3052, 3255, 3663, 4473, 5130, 5696, 5920, 5662, 5143, 4632, 4252, 3814, 3521, 3240, 2882, 2779, 3134, 3558, 3785, 3864, 3642, 3140, 2779, 2770, 2888, 2937, 2636, 2131, 1745, 1268, 775, 146, -617, -1289, -1888, -2381, -2516, -2560, -2470, -2110, -1820, -1439, -1342, -1548, -1840, -2075, -2113, -2189, -2171, -1924, -1860, -1946, -1941, -2055, -2213, -2297, -2744, -3198, -3570, -3803, -3633, -3112, -2711, -2761, -3109, -3367, -3861, -4264, -4419, -4564, -4710, -4723, -4693, -4867, -5051, -5342, -5826, -6396, -6781, -7261, -7447, -7590, -7583, -7334, -7095, -6944, -6855, -6968, -7060, -7008, -6901, -6637, -6276, -6046, -5782, -5653, -5414, -5301, -5164, -5006, -5017, -4832, -4625, -4255, -3960, -3473, -3125, -3074, -3129, -3027, -2864, -2399, -1722, -984, -361, ;


Frequency: 132, Amplitude pozitiv: 4894, Amplitude negativ: 4164, .-<<||||   168, 849, 1356, 1949, 2424, 2874, 3143, 3612, 4318, 4919, 5653, 6358, 6716, 7132, 7705, 8264, 8940, 9343, 9598, 9590, 9171, 8454, 7932, 7860, 8006, 8488, 8624, 8499, 8270, 7752, 7443, 7342, 7370, 7378, 7456, 7388, 7024, 6663, 6225, 5238, 4095, 3137, 2351, 2180, 2708, 3260, 3661, 3908, 3779, 3702, 3636, 3643, 3695, 3909, 4444, 5108, 5890, 6293, 6135, 5755, 5155, 4700, 4445, 4125, 3798, 3249, 2941, 3021, 3360, 3725, 3649, 3198, 2879, 2562, 2507, 2742, 2724, 2514, 2134, 1762, 1254, 772, 250, -332, -991, -1783, -2445, -2840, -3040, -2992, -2441, -1968, -1512, -1314, -1398, -1779, -2200, -2513, -2585, -2288, -1950, -1730, -1947, -1997, -2217, -2420, -2365, -2449, -2855, -3289, -3685, -3739, -3713, -3522, -3374, -3596, -3794, -3988, -4122, -4355, -4433, -4501, -4650, -4784, -4775, -5009, -5232, -5689, -6184, -6528, -6981, -7231, -7506, -7610, -7428, -7188, -7008, -6923, -7034, -7367, -7633, -7804, -7561, -7164, -6791, -6420, -6080, -6036, -5937, -5731, -5665, -5525, -5573, -5485, -5254, -4910, -4387, -4032, -3792, -3685, -3503, -3390, -2985, -2403, -1575, -720, -149, ;


Frequency: 133, Amplitude pozitiv: 4689, Amplitude negativ: 4267, .-<<||||   488, 984, 1526, 2048, 2402, 2893, 3463, 3806, 4495, 5210, 5857, 6362, 6779, 7152, 7589, 8259, 8730, 9155, 9203, 8821, 8284, 7798, 7505, 7540, 7919, 8224, 8346, 7965, 7547, 7151, 7081, 7095, 7087, 7236, 7162, 7071, 6710, 6150, 5320, 4139, 2994, 2207, 1948, 2357, 2963, 3598, 3695, 3633, 3455, 3167, 3228, 3174, 3490, 4001, 4594, 5325, 5858, 5884, 5560, 5138, 4745, 4492, 4179, 3798, 3207, 2679, 2548, 2917, 3345, 3514, 3345, 2992, 2657, 2482, 2419, 2529, 2478, 2133, 1624, 995, 546, 109, -518, -1224, -1916, -2719, -3391, -3619, -3684, -3399, -3026, -2744, -2527, -2480, -2565, -2692, -2877, -2915, -2846, -2586, -2281, -2347, -2525, -2655, -2699, -2587, -2668, -2893, -3457, -4036, -4290, -4300, -4129, -3832, -3643, -3770, -3872, -3860, -3973, -4178, -4373, -4541, -4754, -4726, -4693, -4740, -5158, -5785, -6297, -6827, -7150, -7415, -7647, -7531, -7561, -7284, -7094, -6972, -7067, -7316, -7379, -7232, -6936, -6511, -6134, -5928, -5702, -5599, -5415, -5304, -5102, -5118, -5077, -4935, -4592, -4293, -3963, -3595, -3298, -3016, -2727, -2401, -1745, -1034, -542, ;


Frequency: 132, Amplitude pozitiv: 4474, Amplitude negativ: 3975, .-<<||||   359, 1052, 1612, 2133, 2411, 2809, 3088, 3386, 3864, 4332, 5057, 5652, 6361, 6822, 7252, 7621, 7996, 8477, 8911, 9045, 8785, 8224, 7573, 7142, 6989, 7216, 7651, 7847, 7593, 7106, 6566, 6433, 6517, 6733, 6742, 6849, 6553, 6033, 5653, 5011, 4217, 3255, 2305, 1665, 1792, 2297, 2881, 3292, 3461, 3296, 3087, 2833, 2978, 3178, 3525, 4130, 4713, 5223, 5397, 5440, 4960, 4543, 4235, 3884, 3415, 3096, 2749, 2518, 2568, 2893, 3246, 3269, 3203, 2904, 2523, 2537, 2374, 2414, 2388, 2030, 1736, 1105, 356, -385, -966, -1578, -2323, -2858, -3216, -3685, -3623, -3157, -2674, -2142, -1846, -1846, -1969, -2204, -2225, -2234, -2217, -2046, -1939, -1958, -2133, -2218, -2110, -2029, -2252, -2619, -3160, -3413, -3508, -3402, -2981, -2549, -2562, -2643, -2825, -3168, -3222, -3549, -3795, -4084, -4147, -4332, -4626, -5100, -5875, -6270, -6648, -7038, -7341, -7638, -7600, -7652, -7369, -7079, -6870, -6884, -7155, -7464, -7670, -7364, -7104, -6739, -6400, -6156, -5856, -5711, -5466, -5279, -5168, -5178, -5105, -4922, -4515, -4062, -3581, -3199, -2976, -2632, -2377, -1876, -1418, -753, -36, ;


Frequency: 132, Amplitude pozitiv: 4410, Amplitude negativ: 4233, .-<<||||   749, 1465, 1832, 2334, 2680, 2994, 3179, 3442, 3886, 4623, 5208, 5673, 6370, 6748, 7266, 7735, 8065, 8552, 8787, 8618, 8141, 7489, 7047, 6877, 6937, 7115, 7290, 7221, 6873, 6597, 6353, 6520, 6659, 6744, 6744, 6511, 6311, 5957, 5650, 4926, 4009, 2993, 2293, 2070, 2359, 3094, 3417, 3582, 3459, 3301, 3219, 3206, 3333, 3717, 4088, 4526, 4921, 5271, 5378, 5128, 4933, 4499, 4150, 3567, 3144, 2569, 2204, 2055, 2061, 2308, 2388, 2480, 2221, 1913, 1755, 1727, 1694, 1525, 1239, 874, 395, -168, -879, -1430, -1945, -2677, -3291, -3849, -4026, -4075, -3765, -3257, -2896, -2528, -2512, -2897, -3280, -3247, -3159, -2976, -2681, -2628, -2577, -2654, -2739, -2674, -2613, -2672, -2864, -3198, -3577, -3765, -3917, -3706, -3574, -3384, -3330, -3532, -3597, -3752, -3934, -4157, -4405, -4596, -4728, -4939, -5245, -5674, -6007, -6374, -6803, -7001, -7273, -7475, -7373, -7131, -6879, -6825, -6853, -7042, -7576, -7605, -7596, -7228, -6744, -6348, -6049, -5866, -5551, -5486, -5268, -5009, -4847, -4796, -4829, -4591, -4365, -4036, -3623, -3327, -3076, -2784, -2391, -1864, -1382, -642, ;


Frequency: 132, Amplitude pozitiv: 4229, Amplitude negativ: 4150, .-<<||||   146, 753, 1336, 1623, 1988, 2286, 2606, 2880, 3227, 3834, 4360, 4876, 5393, 5728, 6105, 6537, 6980, 7313, 7574, 7884, 8036, 8178, 8397, 8329, 7845, 7446, 7061, 6881, 7152, 7269, 7206, 7006, 6675, 6159, 6047, 5911, 5998, 6031, 5827, 5742, 5452, 4986, 4382, 3913, 3260, 2982, 2989, 3130, 3398, 3331, 3469, 3667, 3611, 3451, 3123, 3087, 3138, 3331, 3783, 4135, 4340, 4207, 3988, 3665, 3386, 3196, 2953, 2643, 2410, 2079, 1922, 1776, 1689, 1815, 1666, 1511, 1371, 1135, 768, 540, 323, -158, -620, -1272, -1831, -2469, -2855, -3144, -3410, -3697, -4025, -4175, -4229, -4194, -4001, -3661, -3574, -3526, -3790, -3912, -4083, -4285, -4157, -3867, -3699, -3595, -3576, -3657, -3581, -3585, -3572, -3736, -3870, -3899, -3896, -3785, -3693, -3601, -3434, -3526, -3633, -3895, -3977, -4061, -4239, -4403, -4635, -4999, -5491, -5788, -5871, -5828, -5956, -6200, -6433, -6639, -6759, -6609, -6657, -6568, -6428, -6693, -6739, -6650, -6533, -6275, -6075, -5740, -5472, -5312, -5153, -5001, -4871, -4475, -4221, -3971, -3657, -3359, -3204, -2984, -2652, -2465, -2184, -1836, -1363, -901, -480, ;


Frequency: 132, Amplitude pozitiv: 4221, Amplitude negativ: 4315, .-<<||||   43, 423, 992, 1290, 1603, 1951, 2098, 2372, 2557, 3062, 3554, 4018, 4321, 4433, 4779, 5235, 5491, 5907, 6281, 6339, 6353, 6445, 6835, 7033, 7393, 7665, 7604, 7486, 7273, 7103, 7032, 7093, 7132, 7080, 7000, 6639, 6371, 6220, 6001, 6047, 5917, 5742, 5560, 5457, 5218, 5008, 4715, 4443, 4193, 3854, 3781, 3665, 3499, 3640, 3646, 3669, 3630, 3588, 3483, 3391, 3374, 3364, 3717, 3707, 3763, 3663, 3495, 3477, 3522, 3399, 3208, 2964, 2485, 2276, 1979, 1673, 1454, 1282, 1169, 842, 516, 199, -308, -715, -1085, -1233, -1480, -1881, -2211, -2402, -2796, -3233, -3457, -3746, -3957, -4380, -4339, -4226, -4224, -4239, -4295, -4399, -4426, -4502, -4619, -4590, -4523, -4350, -4213, -4392, -4566, -4644, -4705, -4715, -4731, -4664, -4739, -4795, -4825, -5010, -5191, -5051, -5169, -5218, -5337, -5450, -5466, -5529, -5739, -5963, -5903, -5863, -5803, -5866, -6135, -6184, -6161, -6330, -6409, -6728, -6842, -6748, -6688, -6424, -6047, -5728, -5471, -5354, -5245, -5265, -5187, -4948, -4693, -4397, -4197, -3857, -3533, -3164, -2740, -2469, -2340, -2326, -1988, -1745, -1270, -685, -352, ;


Frequency: 129, Amplitude pozitiv: 4340, Amplitude negativ: 4359, .-<<||||   87, 393, 734, 982, 1343, 1658, 1882, 2327, 2567, 2926, 3423, 3825, 4119, 4273, 4609, 4795, 5124, 5554, 5563, 5799, 6087, 6294, 6409, 6631, 6760, 6795, 6988, 7231, 7515, 7766, 8070, 8307, 8269, 8098, 8223, 8069, 7976, 7862, 7673, 7416, 7146, 6968, 6556, 6322, 6239, 6075, 5804, 5698, 5677, 5407, 5486, 5318, 5058, 4764, 4408, 4204, 4045, 3760, 3406, 3224, 2870, 2590, 2434, 2304, 2023, 1868, 1750, 1561, 1714, 1967, 1957, 1997, 2108, 2189, 2031, 1997, 1830, 1558, 1299, 1061, 634, 212, -128, -506, -730, -1029, -1298, -1745, -1987, -2289, -2562, -2888, -2852, -2951, -3196, -3396, -3556, -3713, -3984, -4252, -4260, -4276, -4470, -4714, -5100, -5338, -5510, -5513, -5636, -5697, -5800, -5891, -5774, -5714, -5729, -5568, -5496, -5343, -5254, -5177, -5193, -5083, -5104, -5284, -5304, -5472, -5470, -5757, -5742, -5862, -6039, -6021, -6203, -6262, -6316, -6400, -6256, -6162, -5978, -5713, -5900, -5787, -5815, -5675, -5517, -5436, -5359, -5483, -5512, -5595, -5661, -5410, -5121, -4964, -4765, -4628, -4319, -4037, -3734, -3346, -3108, -2825, -2525, -2207, -1927, -1468, -1120, -914, -458, -103, ;


Frequency: 132, Amplitude pozitiv: 4633, Amplitude negativ: 4419, .-<<||||   310, 663, 896, 1194, 1334, 1599, 1965, 2326, 2656, 3033, 3339, 3686, 4041, 4348, 4781, 5018, 5350, 5504, 5775, 6055, 6270, 6493, 6674, 6900, 7204, 7523, 7682, 7994, 8011, 8059, 7966, 8006, 8121, 8271, 8305, 8212, 8113, 8031, 7693, 7193, 6930, 6747, 6573, 6245, 5898, 5494, 5018, 4484, 4165, 4063, 3834, 3541, 3371, 3252, 3392, 3484, 3592, 3739, 3924, 3905, 3806, 3739, 3755, 3899, 3971, 4009, 3947, 3874, 3771, 3825, 3739, 3684, 3437, 2990, 2654, 2316, 1928, 1442, 1033, 581, -21, -580, -1015, -1526, -1866, -2085, -2267, -2552, -2803, -3137, -3372, -3540, -3699, -3769, -3913, -4139, -4273, -4354, -4424, -4264, -4440, -4590, -4707, -4879, -4906, -4738, -4689, -4846, -4984, -5040, -5092, -5142, -5086, -5181, -5211, -5378, -5452, -5597, -5710, -5523, -5592, -5650, -5679, -5745, -5821, -5923, -6033, -6006, -6144, -6140, -6165, -6164, -6216, -6176, -6318, -6265, -6148, -6381, -6481, -6338, -6338, -6129, -5983, -5884, -5801, -5713, -5653, -5547, -5297, -4982, -4808, -4606, -4336, -4042, -3714, -3492, -3275, -3172, -2870, -2769, -2492, -2163, -1821, -1364, -948, -724, -365, ;


Frequency: 130, Amplitude pozitiv: 4579, Amplitude negativ: 4365, .-<<||||   177, 587, 885, 1014, 1237, 1627, 1967, 2252, 2766, 2978, 3158, 3401, 3783, 4032, 4230, 4607, 4770, 4886, 5126, 5337, 5399, 5643, 5837, 6039, 6361, 6602, 6901, 7097, 7407, 7304, 7185, 7287, 7376, 7444, 7404, 7474, 7386, 7482, 7472, 7365, 7365, 7351, 7355, 7247, 7190, 7032, 7006, 6891, 6653, 6340, 6191, 5857, 5441, 5283, 5008, 4830, 4702, 4610, 4503, 4213, 3951, 3801, 3630, 3515, 3413, 3348, 3165, 3057, 2863, 2866, 2841, 2697, 2617, 2506, 2247, 1879, 1524, 1233, 897, 379, 166, -163, -589, -871, -1156, -1614, -1783, -1908, -2196, -2530, -2642, -2934, -3133, -3232, -3364, -3641, -3882, -3937, -4030, -4084, -4216, -4332, -4389, -4423, -4322, -4425, -4561, -4739, -4883, -5105, -5286, -5447, -5655, -5748, -5935, -6049, -6179, -6342, -6422, -6443, -6553, -6506, -6583, -6596, -6658, -6723, -6713, -6843, -6868, -6904, -6842, -6892, -6699, -6519, -6266, -6091, -6020, -6203, -6124, -6000, -5859, -5768, -5638, -5435, -5455, -5314, -5354, -5142, -5040, -4937, -4645, -4523, -4341, -4128, -3817, -3597, -3270, -2982, -2788, -2541, -2257, -1967, -1706, -1412, -1188, -796, -568, -345, -145, ;


Frequency: 128, Amplitude pozitiv: 4493, Amplitude negativ: 4251, .-<<||||   139, 358, 559, 783, 1149, 1611, 1920, 2093, 2217, 2605, 2952, 3123, 3493, 3769, 4059, 4174, 4298, 4541, 4723, 4994, 5098, 5321, 5650, 5886, 6163, 6355, 6541, 6645, 6629, 6696, 6732, 6956, 7116, 7294, 7310, 7347, 7371, 7455, 7506, 7404, 7558, 7638, 7630, 7605, 7678, 7595, 7458, 7213, 7038, 6879, 6773, 6566, 6437, 6247, 5972, 5867, 5471, 5416, 5044, 4669, 4463, 4256, 4085, 3992, 3814, 3756, 3570, 3350, 3277, 3115, 3114, 2730, 2647, 2502, 2303, 2183, 1873, 1597, 1374, 1223, 1034, 809, 590, 327, 182, -10, -228, -474, -842, -1052, -1380, -1565, -1784, -2067, -2298, -2667, -2923, -3036, -3293, -3402, -3471, -3524, -3518, -3707, -3982, -4281, -4549, -4773, -4894, -4991, -5156, -5283, -5466, -5561, -5673, -5751, -5828, -6103, -6104, -6293, -6389, -6378, -6480, -6581, -6572, -6647, -6781, -6809, -6871, -6856, -6896, -6934, -7006, -6859, -6820, -6709, -6637, -6543, -6489, -6330, -6102, -6003, -5888, -5736, -5406, -5217, -5126, -5037, -4923, -4775, -4588, -4333, -4152, -4023, -3758, -3707, -3524, -3223, -3032, -2690, -2421, -2184, -2006, -1760, -1477, -1298, -1163, -994, -752, -549, -251, ;


Frequency: 126, Amplitude pozitiv: 4507, Amplitude negativ: 4232, .-<<||||   52, 375, 668, 944, 1376, 1568, 1783, 2013, 2218, 2638, 2883, 3040, 3357, 3547, 3813, 4040, 4242, 4678, 4894, 5288, 5626, 5837, 6068, 6112, 6280, 6338, 6495, 6784, 6989, 7134, 7083, 7034, 7122, 7159, 7193, 7251, 7448, 7438, 7584, 7657, 7756, 7814, 7555, 7562, 7611, 7360, 7184, 7231, 7157, 7015, 6801, 6676, 6515, 6213, 6074, 5924, 5621, 5400, 5209, 4857, 4672, 4451, 4491, 4327, 4127, 4098, 3832, 3739, 3445, 3146, 2990, 2712, 2402, 2228, 1902, 1592, 1394, 1040, 742, 670, 618, 511, 284, 114, 53, -123, -302, -474, -646, -1082, -1284, -1569, -1903, -1964, -2123, -2201, -2269, -2477, -2763, -3019, -3385, -3661, -3927, -4177, -4296, -4523, -4636, -4744, -4836, -4919, -5055, -5284, -5465, -5571, -5784, -5876, -5955, -6135, -6348, -6398, -6476, -6516, -6668, -6680, -6804, -6880, -6738, -6824, -6872, -6931, -6846, -6977, -7086, -6965, -6877, -6832, -6813, -6600, -6442, -6251, -6133, -5964, -5821, -5641, -5473, -5404, -5420, -5267, -5130, -5017, -4838, -4631, -4541, -4481, -4157, -3960, -3763, -3571, -3406, -3185, -2993, -2710, -2454, -2326, -1979, -1788, -1674, -1252, -1093, -860, -646, -516, -262, -40, ;


Frequency: 130, Amplitude pozitiv: 4387, Amplitude negativ: 4301, .-<<||||   177, 344, 556, 700, 942, 1141, 1612, 2020, 2283, 2596, 2817, 3178, 3383, 3536, 3870, 4024, 4188, 4453, 4756, 5144, 5311, 5368, 5447, 5611, 5731, 5912, 5977, 6139, 6080, 6206, 6482, 6615, 6729, 6836, 6864, 6836, 6918, 6940, 6944, 7078, 7064, 7022, 7099, 7030, 6836, 6851, 6740, 6679, 6516, 6254, 6078, 5987, 5866, 5723, 5752, 5695, 5703, 5501, 5527, 5367, 5224, 5066, 4892, 4668, 4381, 4220, 3902, 3540, 3264, 3049, 2893, 2836, 2541, 2271, 2191, 2097, 1820, 1697, 1490, 1203, 969, 716, 482, 140, -51, -275, -236, -456, -557, -767, -1089, -1256, -1473, -1813, -2344, -2617, -2709, -3077, -3481, -3488, -3654, -3959, -4238, -4380, -4565, -4816, -5150, -5396, -5801, -5920, -6051, -6272, -6366, -6387, -6507, -6531, -6427, -6629, -6565, -6567, -6729, -6793, -6813, -6904, -6993, -7030, -7135, -7062, -7098, -7051, -6923, -6754, -6734, -6618, -6462, -6420, -6129, -6161, -6209, -6007, -5894, -5825, -5713, -5520, -5339, -5269, -5137, -4904, -4643, -4568, -4395, -3966, -3717, -3485, -3341, -3183, -3040, -2737, -2420, -2106, -1839, -1604, -1382, -1230, -966, -686, -446, -355, -54, ;


Frequency: 128, Amplitude pozitiv: 3736, Amplitude negativ: 3827, .-<<||||   37, 183, 392, 482, 819, 1027, 1365, 1684, 1965, 2319, 2502, 2572, 2810, 3053, 3223, 3285, 3383, 3704, 3976, 4129, 4241, 4324, 4468, 4645, 4790, 4971, 5147, 5280, 5407, 5490, 5634, 5703, 5646, 5756, 5753, 5776, 5892, 6036, 6001, 5910, 6076, 6178, 5982, 5700, 5522, 5432, 5446, 5337, 5170, 5028, 4971, 4961, 4996, 5159, 5273, 5206, 5239, 5251, 5138, 5087, 5086, 5005, 4796, 4647, 4531, 4350, 4196, 4285, 4228, 4164, 4038, 3968, 3821, 3615, 3325, 2925, 2786, 2656, 2461, 2320, 2219, 2094, 1930, 1734, 1663, 1526, 1342, 1277, 1020, 908, 669, 391, 298, 47, -136, -282, -468, -626, -871, -1098, -1337, -1632, -2012, -2257, -2347, -2532, -2711, -3082, -3423, -3674, -3855, -4086, -4378, -4343, -4401, -4594, -4765, -4952, -5166, -5272, -5451, -5543, -5547, -5658, -5690, -5558, -5695, -5552, -5554, -5741, -5752, -5736, -5761, -5847, -5757, -5890, -5868, -5785, -5873, -5720, -5829, -5767, -5660, -5674, -5460, -5275, -5183, -4979, -4798, -4674, -4499, -4515, -4321, -4071, -3915, -3609, -3426, -3368, -3162, -2963, -2859, -2731, -2485, -2350, -2071, -1838, -1487, -1139, -930, -547, -480, -176, ;


Frequency: 123, Amplitude pozitiv: 3359, Amplitude negativ: 3066, .-<<||||   54, 421, 571, 791, 1080, 1250, 1565, 1680, 1887, 2027, 2046, 2228, 2487, 2632, 2817, 3023, 3176, 3446, 3598, 3709, 3948, 4073, 4255, 4505, 4664, 4841, 4905, 4933, 4946, 5043, 5288, 5321, 5307, 5498, 5407, 5408, 5641, 5653, 5716, 5721, 5562, 5386, 5403, 5378, 5292, 5180, 5101, 5042, 4984, 4826, 4736, 4622, 4497, 4560, 4462, 4394, 4385, 4401, 4283, 4097, 3957, 3888, 3872, 3806, 3787, 3728, 3640, 3575, 3390, 3312, 3195, 3126, 3012, 2863, 2653, 2385, 2281, 2243, 2217, 1997, 1919, 1921, 1813, 1794, 1568, 1513, 1432, 1213, 1198, 1041, 907, 643, 604, 343, 143, -26, -333, -412, -578, -688, -887, -1160, -1387, -1590, -1756, -1956, -2102, -2299, -2507, -2498, -2571, -2678, -2811, -3020, -3308, -3572, -3653, -3804, -3933, -4002, -4208, -4262, -4325, -4360, -4369, -4472, -4591, -4584, -4481, -4584, -4566, -4594, -4686, -4733, -4697, -4744, -4728, -4601, -4710, -4670, -4707, -4626, -4498, -4447, -4198, -4167, -4264, -4210, -4263, -4171, -4047, -4014, -3990, -3961, -3881, -3814, -3778, -3678, -3554, -3434, -3252, -3061, -3026, -2638, -2440, -2295, -2273, -2101, -1847, -1606, -1390, -1173, -1025, -951, -731, -636, -516, -347, -87, ;


Frequency: 130, Amplitude pozitiv: 2838, Amplitude negativ: 2363, .-<<||||   102, 323, 413, 611, 885, 1073, 1247, 1583, 1785, 2010, 2246, 2391, 2451, 2529, 2852, 2896, 3017, 3260, 3370, 3484, 3596, 3766, 3861, 3917, 3937, 4227, 4314, 4320, 4196, 4225, 4376, 4418, 4557, 4548, 4546, 4512, 4488, 4442, 4518, 4414, 4367, 4394, 4345, 4320, 4055, 3983, 3892, 3801, 3778, 3760, 3694, 3669, 3548, 3547, 3493, 3473, 3486, 3455, 3437, 3199, 3037, 2874, 2778, 2695, 2513, 2532, 2503, 2289, 2307, 2205, 2067, 1866, 1686, 1609, 1465, 1454, 1294, 1165, 1044, 871, 563, 504, 360, 181, 33, -270, -351, -520, -815, -926, -1172, -1293, -1303, -1654, -1742, -1782, -1973, -1908, -2084, -2200, -2393, -2433, -2523, -2703, -2828, -2910, -3091, -3169, -3148, -3138, -3223, -3477, -3378, -3508, -3447, -3412, -3408, -3418, -3574, -3498, -3369, -3367, -3526, -3581, -3616, -3716, -3662, -3574, -3409, -3388, -3313, -3208, -3233, -3163, -3170, -3240, -3149, -3067, -3008, -3012, -2938, -2943, -2880, -2781, -2731, -2606, -2602, -2502, -2393, -2280, -2155, -2026, -1976, -1825, -1826, -1830, -1666, -1555, -1447, -1291, -1084, -870, -740, -622, -513, -425, -349, -158, -79, ;


Frequency: 132, Amplitude pozitiv: 2444, Amplitude negativ: 1870, .-<<||||   86, 163, 248, 339, 432, 701, 825, 1060, 1106, 1227, 1316, 1398, 1554, 1735, 1987, 1971, 2016, 2207, 2269, 2379, 2476, 2482, 2657, 2891, 2937, 2972, 2880, 2914, 2929, 3120, 3142, 3096, 3258, 3278, 3355, 3523, 3554, 3609, 3786, 3868, 3720, 3645, 3695, 3494, 3535, 3477, 3380, 3416, 3591, 3618, 3679, 3672, 3657, 3719, 3644, 3683, 3704, 3650, 3516, 3553, 3495, 3418, 3360, 3391, 3350, 3285, 3160, 3012, 2966, 2795, 2816, 2692, 2598, 2422, 2310, 2243, 2007, 2062, 2008, 1888, 1647, 1587, 1478, 1256, 1061, 869, 608, 461, 364, 214, 189, 44, -84, -233, -407, -626, -745, -863, -989, -1163, -1389, -1451, -1571, -1581, -1738, -1801, -1926, -2030, -2180, -2199, -2239, -2512, -2614, -2599, -2608, -2627, -2661, -2717, -2754, -3043, -2864, -2951, -3093, -2907, -2952, -2957, -2902, -2915, -2935, -2853, -2779, -2790, -2668, -2749, -2784, -2650, -2622, -2475, -2465, -2530, -2458, -2335, -2423, -2386, -2156, -2082, -1882, -1749, -1578, -1483, -1491, -1487, -1487, -1324, -1213, -1104, -1006, -976, -686, -497, -565, -367, -298, -145, -6, -30, ;


Frequency: 125, Amplitude pozitiv: 1988, Amplitude negativ: 1728, .-<<||||   79, 242, 307, 358, 375, 468, 650, 867, 1001, 989, 1030, 1209, 1307, 1448, 1620, 1736, 1804, 1822, 2054, 2207, 2279, 2325, 2366, 2358, 2413, 2557, 2473, 2481, 2475, 2421, 2600, 2587, 2607, 2644, 2674, 2575, 2640, 2785, 2781, 2777, 2910, 3015, 2976, 2931, 2996, 2942, 2834, 2862, 2811, 3011, 2895, 2818, 2970, 2784, 2881, 2887, 2943, 2893, 2850, 2873, 2797, 2715, 2718, 2829, 2805, 2682, 2591, 2585, 2479, 2413, 2428, 2421, 2320, 2226, 2130, 2016, 1894, 1773, 1738, 1697, 1549, 1637, 1662, 1543, 1413, 1397, 1327, 1203, 1052, 923, 749, 697, 640, 501, 386, 151, 172, 100, -74, -190, -372, -470, -629, -801, -912, -1029, -1146, -1290, -1314, -1373, -1525, -1641, -1673, -1847, -1860, -1834, -1863, -1850, -2049, -2128, -2139, -2318, -2455, -2558, -2550, -2546, -2496, -2558, -2536, -2461, -2487, -2401, -2456, -2548, -2451, -2509, -2635, -2416, -2434, -2484, -2390, -2503, -2536, -2407, -2477, -2356, -2349, -2395, -2318, -2200, -2094, -2027, -2097, -2078, -1967, -1938, -1864, -1692, -1572, -1540, -1458, -1455, -1453, -1344, -1342, -1319, -1222, -1043, -876, -770, -620, -554, -388, -358, -304, -208, ;


Frequency: 126, Amplitude pozitiv: 1620, Amplitude negativ: 1458, .-<<||||   49, 61, 118, 248, 388, 602, 670, 746, 808, 891, 901, 1048, 1126, 1362, 1546, 1650, 1747, 1826, 1854, 2033, 2035, 2071, 2046, 2090, 2045, 2182, 2345, 2236, 2344, 2271, 2403, 2362, 2409, 2467, 2404, 2346, 2238, 2367, 2340, 2306, 2222, 2337, 2433, 2434, 2598, 2483, 2340, 2296, 2271, 2207, 2357, 2251, 2217, 2055, 1941, 2026, 2000, 2022, 2007, 2000, 1952, 1965, 1905, 1878, 1791, 1668, 1505, 1474, 1396, 1235, 1140, 1133, 1133, 1053, 964, 857, 701, 584, 564, 539, 421, 330, 282, 153, -57, -94, -115, -146, -181, -386, -458, -542, -562, -695, -834, -1070, -1253, -1211, -1320, -1452, -1508, -1455, -1569, -1582, -1753, -1811, -1870, -1857, -1957, -2050, -1888, -2128, -2146, -2118, -2325, -2250, -2148, -2206, -2161, -2019, -1950, -1997, -1995, -1913, -2049, -2032, -1988, -2045, -1953, -2076, -2106, -2145, -2035, -1972, -1940, -1968, -2018, -1972, -2014, -1806, -1857, -1970, -1995, -1919, -1832, -1871, -1827, -1778, -1711, -1679, -1645, -1664, -1691, -1701, -1501, -1581, -1497, -1421, -1400, -1301, -1278, -1215, -1209, -1081, -849, -814, -736, -544, -538, -411, -379, -333, -216, -112, -30, ;


Frequency: 259, Amplitude pozitiv: 1499, Amplitude negativ: 129, .-<<||||   121, 172, 295, 256, 319, 362, 494, 605, 714, 795, 793, 926, 1076, 1119, 1263, 1280, 1249, 1430, 1488, 1531, 1610, 1660, 1674, 1666, 1652, 1904, 1954, 2015, 1970, 1866, 1928, 1998, 2002, 2024, 2220, 2276, 2394, 2332, 2329, 2202, 2126, 2231, 2318, 2346, 2246, 2403, 2386, 2265, 2341, 2397, 2113, 2058, 2021, 1943, 2055, 2032, 2025, 2033, 2014, 1998, 1941, 1920, 1982, 1909, 1753, 1731, 1753, 1706, 1464, 1485, 1286, 1156, 1091, 956, 895, 672, 553, 663, 628, 355, 225, 341, 166, 37, -129, ;


Frequency: 275, Amplitude pozitiv: 15, Amplitude negativ: 1149, .-<<||||   15, -57, -473, -571, -489, -112, -412, -313, -501, -984, -955, -859, -654, -942, -1214, -1164, -1174, -1276, -1264, -1372, -1189, -1304, -1553, -1488, -1361, -1417, -1733, -1349, -1215, -1467, -1801, -1620, -1214, -1404, -1689, -1883, -1648, -1398, -1671, -1865, -1764, -1495, -1538, -1671, -1746, -1710, -1615, -1467, -1475, -1721, -1765, -1843, -1516, -1396, -1268, -1506, -1560, -1269, -1156, -1088, -1230, -1238, -1345, -1183, -1179, -1109, -963, -849, -815, -853, -703, -635, -564, -446, -376, -492, -431, -428, -303, -30, ;


Frequency: 7350, Amplitude pozitiv: 80, Amplitude negativ: 51, .-<<||||   80, -79, -23, ;


Frequency: 137, Amplitude pozitiv: 1381, Amplitude negativ: 1060, .-<<||||   27, 71, 297, 375, 516, 697, 759, 769, 850, 976, 970, 979, 943, 874, 1128, 1366, 1417, 1423, 1433, 1468, 1509, 1505, 1472, 1585, 1629, 1703, 1736, 1680, 1695, 1723, 1864, 1874, 2092, 2103, 1941, 1926, 1826, 1916, 2073, 1996, 1797, 1736, 1860, 1903, 1852, 1855, 1913, 1953, 1926, 1931, 1955, 1972, 1871, 1905, 2000, 1936, 2012, 1971, 1847, 1851, 1777, 1756, 1730, 1819, 1927, 1799, 1571, 1452, 1346, 1286, 1240, 1081, 1008, 990, 951, 811, 715, 697, 607, 576, 542, 551, 556, 407, 281, 108, -5, -73, -49, -211, -398, -426, -432, -474, -587, -577, -686, -739, -691, -779, -882, -944, -1036, -1038, -1087, -1036, -1111, -1214, -1187, -1307, -1392, -1335, -1376, -1403, -1309, -1481, -1570, -1637, -1674, -1624, -1655, -1740, -1735, -1653, -1641, -1655, -1509, -1491, -1540, -1588, -1492, -1483, -1688, -1519, -1511, -1557, -1440, -1412, -1383, -1283, -1224, -1213, -1106, -1190, -1239, -1160, -1160, -969, -883, -853, -865, -810, -709, -587, -410, -220, -382, -421, -248, -102, ;


Frequency: 7350, Amplitude pozitiv: 2, Amplitude negativ: 102, .-<<||||   2, -145, -59, ;


Frequency: 128, Amplitude pozitiv: 1185, Amplitude negativ: 925, .-<<||||   89, 172, 180, 309, 436, 421, 476, 650, 812, 787, 766, 725, 822, 920, 952, 979, 977, 993, 1071, 1179, 1143, 1124, 1311, 1421, 1389, 1388, 1539, 1526, 1589, 1547, 1464, 1524, 1676, 1735, 1772, 1850, 1929, 1886, 1788, 1827, 1761, 1740, 1774, 1840, 1715, 1691, 1821, 1785, 1588, 1608, 1645, 1625, 1695, 1714, 1597, 1678, 1706, 1856, 1759, 1854, 1807, 1673, 1755, 1646, 1550, 1510, 1462, 1486, 1387, 1271, 1384, 1365, 1320, 1184, 1224, 1191, 1153, 1076, 1010, 1050, 1039, 1027, 1055, 871, 867, 754, 571, 673, 556, 481, 638, 491, 364, 353, 248, 165, 59, 30, 13, -45, -98, -143, -204, -256, -371, -457, -499, -524, -609, -609, -647, -590, -747, -889, -898, -1068, -1146, -1191, -1092, -1161, -1248, -1236, -1186, -1195, -1320, -1386, -1374, -1459, -1553, -1626, -1478, -1462, -1560, -1491, -1526, -1600, -1544, -1524, -1619, -1522, -1421, -1278, -1265, -1278, -1167, -1310, -1254, -1164, -1075, -1116, -1143, -1092, -1040, -1036, -935, -932, -787, -778, -724, -595, -607, -533, -549, -392, -402, -371, -347, -265, -168, -140, -92, -151, ;


Frequency: 127, Amplitude pozitiv: 975, Amplitude negativ: 745, .-<<||||   43, 50, 168, 288, 346, 382, 489, 439, 425, 595, 616, 657, 722, 833, 896, 992, 990, 1035, 1127, 1186, 1344, 1230, 1226, 1326, 1434, 1442, 1424, 1550, 1575, 1570, 1623, 1608, 1657, 1628, 1641, 1517, 1461, 1454, 1411, 1474, 1433, 1463, 1374, 1334, 1390, 1406, 1323, 1432, 1467, 1428, 1503, 1386, 1327, 1312, 1241, 1155, 1123, 1053, 1014, 1098, 1118, 1066, 1059, 1081, 934, 921, 814, 923, 849, 885, 1012, 829, 657, 644, 688, 554, 657, 614, 531, 409, 500, 462, 335, 183, 270, 383, 160, 181, 4, -62, -2, -118, -226, -114, -184, -236, -291, -420, -381, -509, -552, -601, -605, -539, -582, -690, -709, -764, -788, -759, -933, -978, -952, -1002, -1005, -982, -877, -856, -909, -967, -971, -950, -1098, -950, -993, -972, -1068, -1117, -1013, -1144, -1227, -1282, -1075, -1125, -1227, -1241, -1155, -1135, -1025, -985, -1034, -940, -1039, -1106, -977, -1076, -1019, -1021, -1002, -1043, -868, -939, -866, -766, -852, -714, -662, -665, -630, -624, -619, -571, -476, -455, -472, -415, -369, -315, -344, -97, -132, -183, -19, ;


Frequency: 135, Amplitude pozitiv: 1061, Amplitude negativ: 472, .-<<||||   22, 143, 174, 215, 262, 379, 560, 618, 706, 745, 782, 901, 761, 806, 967, 1100, 1224, 1213, 1074, 1161, 1239, 1320, 1451, 1407, 1357, 1405, 1493, 1491, 1584, 1647, 1683, 1567, 1549, 1521, 1535, 1592, 1593, 1627, 1672, 1607, 1499, 1626, 1562, 1604, 1534, 1498, 1477, 1486, 1435, 1315, 1358, 1346, 1426, 1404, 1448, 1341, 1320, 1458, 1308, 1293, 1307, 1333, 1284, 1154, 1168, 1227, 1188, 1164, 1266, 1193, 1066, 1082, 1174, 1060, 969, 963, 947, 794, 806, 858, 573, 456, 385, 478, 549, 300, 288, 58, 109, 199, 252, 154, 29, -63, -183, -101, -261, -295, -270, -238, -231, -303, -268, -244, -301, -215, -195, -321, -393, -342, -467, -500, -513, -529, -573, -695, -692, -736, -673, -605, -572, -558, -791, -787, -782, -828, -974, -973, -940, -921, -805, -814, -788, -805, -691, -673, -609, -702, -665, -611, -716, -686, -468, -451, -565, -570, -534, -438, -375, -285, -255, -365, -331, -268, -251, -324, -309, -122, -127, -19, -27, -36, -81, ;


Frequency: 122, Amplitude pozitiv: 852, Amplitude negativ: 682, .-<<||||   36, 87, 148, 267, 206, 296, 152, 186, 245, 236, 326, 392, 315, 437, 495, 547, 588, 648, 741, 817, 869, 885, 894, 788, 803, 934, 1077, 1078, 1044, 1020, 1107, 1095, 1028, 1037, 1106, 1148, 1153, 1099, 1164, 1262, 1220, 1265, 1412, 1390, 1423, 1357, 1434, 1462, 1375, 1457, 1439, 1401, 1465, 1407, 1348, 1390, 1310, 1388, 1405, 1320, 1305, 1282, 1380, 1292, 1277, 1216, 1130, 1162, 1097, 1077, 1072, 1026, 914, 956, 1002, 889, 818, 867, 835, 731, 780, 668, 602, 616, 607, 672, 569, 491, 417, 297, 196, 353, 354, 362, 209, 127, 188, 117, 58, -51, -115, -45, -121, -201, -280, -151, -113, -213, -277, -409, -453, -394, -447, -526, -567, -551, -522, -622, -757, -816, -771, -774, -787, -771, -884, -858, -806, -850, -899, -906, -915, -856, -962, -992, -968, -1058, -1029, -976, -990, -948, -1093, -1203, -1014, -1017, -1133, -1274, -1286, -1190, -1281, -1219, -980, -1044, -1024, -952, -832, -771, -746, -606, -763, -830, -711, -677, -619, -581, -713, -762, -729, -762, -735, -740, -591, -398, -290, -195, -238, -218, -157, -141, -157, -1, ;

