
Frequency: 595, Amplitude pozitiv: 0, Amplitude negativ: 494, .-<<||||   -598, -622, -646, -598, -619, -706, -739, -724, -736, -728, -707, -755, -676, -760, -732, -651, -588, -601, -568, -507, -577, -558, -516, -324, -365, -328, -420, -280, -231, -221, -194, -222, -185, -58, -10, -67, ;


Frequency: 169, Amplitude pozitiv: 868, Amplitude negativ: 662, .-<<||||   8, 122, 103, 223, 275, 249, 298, 406, 441, 320, 392, 525, 618, 476, 736, 730, 862, 862, 769, 976, 966, 1018, 1060, 1051, 1053, 1185, 1164, 1245, 1251, 1148, 1233, 1237, 1198, 1349, 1311, 1282, 1248, 1268, 1282, 1411, 1438, 1336, 1478, 1402, 1355, 1407, 1395, 1302, 1357, 1366, 1315, 1213, 1072, 1123, 957, 923, 877, 794, 898, 700, 496, 472, 484, 280, 189, 38, 36, 4, -27, -204, -275, -284, -362, -466, -648, -570, -689, -699, -770, -700, -716, -744, -904, -984, -956, -1044, -985, -950, -996, -1045, -1065, -1092, -1078, -886, -983, -981, -811, -816, -797, -741, -831, -852, -756, -856, -793, -686, -739, -773, -758, -689, -620, -653, -649, -523, -574, -619, -512, -588, -568, -626, -458, -372, -400, -346, -364, -277, -322, -273, -163, -160, ;


Frequency: 159, Amplitude pozitiv: 1324, Amplitude negativ: 892, .-<<||||   36, 19, 42, 201, 201, 284, 385, 380, 299, 348, 470, 443, 502, 606, 669, 735, 714, 666, 704, 697, 725, 859, 905, 900, 905, 881, 858, 1019, 963, 1012, 1076, 1188, 1330, 1329, 1381, 1439, 1535, 1633, 1667, 1747, 1833, 1872, 1954, 2054, 2090, 2119, 2262, 2307, 2489, 2517, 2552, 2639, 2644, 2654, 2802, 2765, 2748, 2687, 2559, 2547, 2388, 2194, 2056, 1996, 1990, 1822, 1568, 1359, 1125, 959, 718, 604, 407, 229, 41, -138, -332, -663, -844, -1169, -1204, -1255, -1287, -1349, -1419, -1347, -1354, -1419, -1498, -1590, -1476, -1431, -1365, -1316, -1192, -1114, -1092, -1005, -948, -800, -750, -692, -792, -822, -666, -565, -563, -567, -547, -516, -539, -568, -532, -504, -546, -746, -752, -687, -874, -855, -962, -1095, -1148, -1013, -920, -1040, -993, -1089, -946, -897, -706, -695, -769, -630, -597, -465, -351, -236, ;


Frequency: 232, Amplitude pozitiv: 1184, Amplitude negativ: 1030, .-<<||||   4, 60, 118, 354, 404, 554, 661, 702, 709, 729, 829, 762, 815, 827, 847, 929, 953, 974, 1005, 1030, 925, 869, 821, 794, 696, 618, 697, 674, 601, 565, 512, 516, 512, 484, 501, 591, 484, 451, 504, 599, 796, 847, 785, 766, 884, 1064, 1327, 1503, 1704, 1775, 2026, 2124, 2324, 2519, 2829, 3084, 3153, 3159, 2988, 2628, 2486, 2346, 2259, 2431, 2450, 2421, 2186, 1806, 1545, 1239, 1057, 1028, 973, 854, 679, 300, -64, -590, -1079, -1340, -1568, -1595, -1523, -1327, -1259, -1143, -1175, -1238, -1213, -1289, -1098, -949, -662, -375, -88, ;


Frequency: 222, Amplitude pozitiv: 871, Amplitude negativ: 1200, .-<<||||   185, 315, 509, 601, 797, 1014, 1006, 1048, 1104, 1096, 1179, 1275, 1435, 1412, 1354, 1368, 1193, 1097, 963, 718, 727, 703, 582, 578, 329, 70, -275, -594, -827, -1090, -1062, -1200, -1337, -1298, -1328, -1401, -1515, -1621, -1638, -1739, -1772, -1695, -1716, -1702, -1537, -1491, -1405, -1143, -1086, -929, -918, -848, -1029, -944, -907, -939, -842, -802, -868, -1010, -905, -939, -901, -1015, -1158, -1070, -1058, -1189, -1149, -1201, -1302, -1399, -1485, -1538, -1698, -1639, -1693, -1689, -1738, -1632, -1569, -1635, -1580, -1735, -1743, -1678, -1506, -1500, -1335, -1313, -1355, -1095, -746, -616, -547, -320, -257, -164, -13, ;


Frequency: 400, Amplitude pozitiv: 2753, Amplitude negativ: 229, .-<<||||   97, 261, 481, 789, 1062, 1355, 1637, 1690, 1991, 2315, 2624, 2794, 3105, 3420, 3713, 3972, 4161, 4348, 4546, 4837, 4709, 4689, 4556, 4413, 4409, 4411, 4473, 4325, 4189, 3903, 3429, 3184, 3023, 2697, 2559, 2397, 2257, 2009, 1638, 1121, 534, 252, 41, -79, -70, -91, -82, -200, -271, -268, -358, -433, -382, -366, -157, ;


Frequency: 210, Amplitude pozitiv: 577, Amplitude negativ: 1306, .-<<||||   33, 262, 488, 616, 697, 805, 772, 655, 676, 804, 815, 864, 760, 733, 836, 658, 595, 458, 339, 242, 21, -70, -248, -479, -740, -893, -989, -1244, -1481, -1604, -1825, -1986, -2029, -2227, -2310, -2276, -2346, -2388, -2406, -2468, -2558, -2652, -2650, -2655, -2547, -2251, -2080, -1901, -1717, -1667, -1560, -1457, -1413, -1292, -1303, -1114, -1091, -1067, -884, -941, -907, -840, -820, -911, -857, -773, -758, -694, -644, -682, -774, -698, -692, -860, -1235, -1410, -1522, -1523, -1462, -1455, -1374, -1428, -1348, -1287, -1438, -1522, -1650, -1677, -1563, -1396, -1323, -1129, -1216, -1166, -1063, -980, -816, -706, -626, -597, -428, -385, -207, -55, -33, ;


Frequency: 136, Amplitude pozitiv: 2096, Amplitude negativ: 1805, .-<<||||   138, 413, 581, 844, 1181, 1538, 1704, 1891, 2280, 2560, 2852, 3144, 3391, 3633, 3886, 4272, 4598, 4884, 4993, 5046, 5011, 4753, 4575, 4353, 4331, 4376, 4541, 4610, 4281, 3979, 3637, 3415, 3220, 3169, 3038, 2892, 2630, 2175, 1687, 1049, 530, 15, 1, 1, 1, 22, 107, 27, 110, 140, 72, 1, 30, 266, 610, 1142, 1421, 1599, 1678, 1831, 2053, 1989, 2071, 2112, 2113, 2131, 2037, 1915, 2011, 2028, 2081, 1838, 1556, 1398, 1063, 838, 613, 454, 205, -14, -154, -384, -723, -1040, -1333, -1514, -1902, -2028, -2138, -2182, -2327, -2486, -2569, -2667, -2578, -2778, -2774, -2773, -2713, -2610, -2400, -2110, -2003, -1949, -1972, -1886, -1799, -1856, -1854, -1986, -1908, -1851, -1892, -1790, -1785, -1775, -1716, -1688, -1728, -1631, -1740, -1579, -1676, -1787, -1731, -1668, -1779, -1715, -1696, -1842, -1959, -2039, -2053, -2158, -2108, -2217, -2177, -2195, -2206, -2189, -2346, -2388, -2320, -2306, -2285, -2165, -2047, -2000, -1872, -1713, -1705, -1633, -1434, -1456, -1437, -1301, -1232, -980, -651, -538, -241, -5, ;


Frequency: 136, Amplitude pozitiv: 2435, Amplitude negativ: 2195, .-<<||||   386, 680, 849, 1195, 1576, 1934, 2229, 2582, 2930, 3412, 3700, 4074, 4576, 4950, 5212, 5614, 5873, 6043, 6092, 5908, 5604, 5392, 5474, 5415, 5487, 5518, 5394, 5062, 4853, 4487, 4060, 3867, 3902, 3748, 3508, 3184, 2693, 2039, 1452, 962, 507, 303, 316, 406, 530, 591, 546, 528, 487, 327, 400, 585, 677, 893, 1127, 1488, 1732, 1865, 1944, 1962, 2023, 1946, 1896, 1718, 1803, 1849, 1751, 1747, 1725, 1480, 1373, 1228, 800, 759, 526, 309, 249, 108, 1, -212, -498, -814, -1063, -1531, -1835, -1895, -1991, -2190, -2233, -2316, -2403, -2428, -2491, -2554, -2588, -2699, -2733, -2635, -2547, -2228, -2161, -1979, -1855, -1906, -1868, -1877, -1825, -1743, -1731, -1739, -1649, -1762, -1967, -1839, -1799, -1771, -1801, -1713, -1750, -1862, -1894, -2049, -2136, -2107, -2194, -2341, -2352, -2439, -2755, -2824, -2887, -2987, -3048, -3144, -3119, -3152, -3173, -3302, -3345, -3336, -3454, -3526, -3398, -3319, -3210, -3002, -2890, -2712, -2708, -2644, -2394, -2346, -2301, -2270, -2035, -1793, -1590, -1283, -1019, -641, -408, -255, ;


Frequency: 134, Amplitude pozitiv: 3008, Amplitude negativ: 2099, .-<<||||   94, 412, 641, 1141, 1562, 1801, 2352, 2825, 3223, 3643, 4018, 4503, 5002, 5466, 5786, 6335, 6777, 6953, 6966, 6822, 6462, 6271, 6217, 6273, 6466, 6576, 6616, 6368, 5930, 5458, 5095, 4875, 4888, 4665, 4497, 4192, 3595, 2832, 2215, 1638, 1097, 921, 833, 1024, 1078, 1180, 1225, 1073, 1027, 963, 813, 885, 1040, 1149, 1490, 1932, 2188, 2259, 2268, 2312, 2447, 2434, 2342, 2375, 2340, 2240, 2078, 2112, 2113, 1932, 1727, 1554, 1305, 1135, 1005, 663, 417, 211, -42, -87, -469, -889, -1075, -1386, -1690, -1886, -1858, -2095, -2316, -2325, -2473, -2514, -2405, -2546, -2742, -2806, -2789, -2790, -2700, -2487, -2423, -2207, -2166, -1889, -1790, -1713, -1694, -1785, -1825, -1847, -1673, -1764, -1811, -1706, -1537, -1523, -1488, -1549, -1722, -1697, -1801, -1807, -1871, -1939, -1969, -2024, -2123, -2190, -2320, -2525, -2606, -2670, -2788, -2857, -2951, -2970, -2951, -3073, -3125, -3167, -3350, -3268, -3292, -3522, -3315, -3247, -3089, -2888, -2812, -2687, -2681, -2656, -2448, -2293, -2165, -1952, -1706, -1397, -1291, -1008, -774, -492, -279, -38, ;


Frequency: 134, Amplitude pozitiv: 3188, Amplitude negativ: 2873, .-<<||||   314, 707, 1137, 1541, 1846, 2252, 2663, 3009, 3559, 3947, 4377, 4824, 5216, 5757, 6096, 6457, 6605, 6542, 6307, 6073, 5905, 5802, 5895, 6118, 6247, 6271, 6121, 5575, 5065, 4737, 4666, 4531, 4555, 4393, 4088, 3574, 2841, 2158, 1527, 1098, 899, 978, 1226, 1309, 1500, 1617, 1491, 1532, 1422, 1340, 1317, 1570, 1848, 2070, 2559, 2793, 3076, 3231, 3276, 3283, 3265, 3365, 3333, 3259, 3377, 3329, 3152, 3098, 2849, 2594, 2252, 2040, 1791, 1590, 1303, 1049, 793, 458, 270, -75, -523, -999, -1392, -1782, -2082, -2274, -2522, -2728, -2954, -3011, -2988, -3079, -3314, -3458, -3651, -3680, -3558, -3458, -3239, -3125, -2811, -2726, -2545, -2611, -2533, -2522, -2638, -2669, -2538, -2667, -2742, -2721, -2711, -2604, -2769, -2722, -2802, -2848, -2919, -2964, -3075, -3220, -3211, -3264, -3356, -3446, -3543, -3715, -3772, -3944, -3949, -3940, -3943, -3905, -3979, -3979, -3888, -3934, -3965, -4100, -4136, -4089, -4036, -3930, -3831, -3531, -3452, -3444, -3362, -3224, -3096, -2965, -2742, -2597, -2395, -2111, -1950, -1773, -1645, -1355, -1059, -849, -545, -82, ;


Frequency: 132, Amplitude pozitiv: 3142, Amplitude negativ: 3018, .-<<||||   261, 628, 1067, 1223, 1600, 2059, 2614, 3040, 3479, 3996, 4392, 4779, 5210, 5649, 6070, 6389, 6612, 6911, 7010, 6563, 6178, 5975, 5805, 5883, 6126, 6242, 6192, 5774, 5136, 4762, 4523, 4434, 4395, 4344, 4279, 3751, 3122, 2450, 1628, 912, 602, 634, 849, 1161, 1286, 1446, 1510, 1469, 1421, 1152, 1181, 1412, 1513, 1903, 2465, 2921, 3154, 3210, 3153, 3075, 2983, 3093, 3164, 3142, 3079, 2984, 2902, 2893, 2534, 2328, 2010, 1697, 1450, 1238, 1137, 720, 531, 287, -49, -315, -595, -823, -1047, -1375, -1730, -2095, -2358, -2533, -2578, -2627, -2515, -2545, -2747, -2722, -2861, -3045, -3015, -2916, -2688, -2502, -2408, -2319, -2364, -2350, -2424, -2428, -2332, -2453, -2527, -2665, -2783, -2853, -2946, -2818, -2834, -2812, -2937, -3222, -3327, -3429, -3582, -3729, -3806, -3730, -3877, -4042, -4023, -4176, -4306, -4460, -4649, -4627, -4499, -4496, -4341, -4431, -4429, -4457, -4684, -4875, -4867, -4728, -4713, -4676, -4463, -4354, -4106, -3857, -3851, -3767, -3607, -3424, -3406, -3428, -3226, -2982, -2802, -2473, -2354, -2136, -1859, -1617, -1478, -1193, -724, -387, ;


Frequency: 131, Amplitude pozitiv: 3752, Amplitude negativ: 3011, .-<<||||   127, 577, 1078, 1349, 1698, 2098, 2585, 3075, 3447, 3932, 4420, 4939, 5455, 5839, 6230, 6675, 6980, 7329, 7760, 7999, 8040, 7637, 7369, 7208, 7158, 7325, 7573, 7823, 7621, 7189, 6605, 6262, 5852, 5742, 5723, 5757, 5628, 5256, 4684, 3821, 3001, 2136, 1760, 1657, 1800, 2065, 2406, 2451, 2409, 2439, 2295, 1894, 1734, 1712, 1765, 2134, 2464, 2925, 3131, 3118, 3149, 3046, 2886, 2774, 2682, 2583, 2492, 2534, 2472, 2304, 2210, 1977, 1685, 1399, 1071, 884, 574, 413, 167, -122, -263, -572, -979, -1275, -1670, -1973, -2339, -2535, -2607, -2772, -2784, -2728, -2645, -2613, -2664, -2919, -3319, -3506, -3574, -3358, -2957, -2787, -2602, -2558, -2556, -2735, -2758, -2843, -2816, -2854, -2949, -2855, -2796, -3004, -3032, -3025, -3155, -3247, -3166, -3197, -3337, -3408, -3427, -3351, -3602, -3535, -3457, -3523, -3805, -3971, -4149, -4314, -4253, -4370, -4294, -4126, -4160, -4173, -4264, -4411, -4593, -4700, -4608, -4570, -4407, -4187, -4035, -3921, -3948, -3839, -3939, -3790, -3566, -3498, -3322, -3227, -2959, -2852, -2749, -2460, -2129, -1944, -1742, -1455, -1266, -839, -403, -61, ;


Frequency: 130, Amplitude pozitiv: 3861, Amplitude negativ: 3242, .-<<||||   432, 829, 1008, 1270, 1612, 1917, 2368, 2812, 3307, 3989, 4577, 4995, 5514, 5867, 6089, 6562, 6983, 7326, 7681, 8148, 8593, 8693, 8610, 8177, 7768, 7567, 7542, 7778, 8092, 8242, 7947, 7468, 6884, 6315, 5743, 5609, 5483, 5607, 5615, 4916, 4292, 3556, 2594, 1836, 1703, 1595, 1774, 2103, 2384, 2372, 2339, 2172, 1850, 1427, 1219, 1300, 1567, 1980, 2327, 2697, 2706, 2762, 2619, 2483, 2430, 2353, 2273, 2316, 2287, 2189, 1969, 1713, 1394, 990, 766, 498, 311, 86, -172, -453, -636, -870, -1185, -1485, -1859, -2360, -2789, -3002, -3298, -3365, -3593, -3618, -3678, -3581, -3370, -3456, -3670, -3939, -4084, -4131, -4021, -3668, -3420, -3310, -3235, -3080, -3154, -3195, -3191, -3162, -3166, -3154, -3145, -3206, -3182, -3262, -3283, -3326, -3516, -3630, -3483, -3478, -3519, -3467, -3567, -3810, -3884, -3883, -3948, -3991, -4117, -4210, -4467, -4498, -4522, -4486, -4475, -4476, -4566, -4613, -4693, -4683, -4547, -4652, -4581, -4520, -4360, -4345, -4304, -4062, -3934, -3735, -3608, -3516, -3330, -3196, -3034, -2892, -2795, -2580, -2310, -2026, -1754, -1455, -1230, -1094, -902, -446, -84, ;


Frequency: 133, Amplitude pozitiv: 4103, Amplitude negativ: 3448, .-<<||||   243, 691, 1029, 1329, 1673, 2076, 2477, 2951, 3278, 3759, 4476, 4835, 5364, 5788, 6098, 6575, 6768, 7233, 7652, 8139, 8495, 8720, 9103, 8904, 8523, 8082, 7814, 7900, 8111, 8416, 8586, 8233, 7598, 6999, 6431, 6046, 5812, 5817, 5832, 5556, 5084, 4348, 3581, 2656, 1911, 1825, 1952, 2128, 2484, 2830, 2737, 2626, 2425, 2014, 1686, 1577, 1700, 1905, 2366, 2736, 3017, 3111, 3219, 3128, 2909, 2928, 2928, 2742, 2755, 2627, 2419, 2360, 2224, 2047, 1662, 1347, 1043, 875, 633, 348, -134, -539, -660, -970, -1290, -1624, -2146, -2608, -2904, -3292, -3328, -3329, -3604, -3548, -3465, -3455, -3415, -3634, -3857, -4005, -4297, -4387, -4220, -4029, -3769, -3609, -3609, -3530, -3482, -3453, -3485, -3493, -3681, -3556, -3427, -3568, -3731, -3848, -3931, -4064, -4140, -4020, -4011, -4242, -4246, -4246, -4422, -4522, -4577, -4656, -4640, -4683, -4820, -5081, -5042, -5064, -4981, -4829, -4959, -4875, -4870, -4683, -4641, -4581, -4585, -4556, -4395, -4241, -4107, -3829, -3624, -3293, -2969, -2848, -2605, -2435, -2321, -2148, -1933, -1651, -1558, -1215, -573, -305, -129, ;


Frequency: 128, Amplitude pozitiv: 4144, Amplitude negativ: 3875, .-<<||||   48, 190, 521, 625, 1116, 1641, 1886, 2332, 2836, 3009, 3298, 3777, 4124, 4700, 5306, 5798, 6181, 6721, 7098, 7356, 7722, 8118, 8567, 9025, 9419, 9826, 10043, 9898, 9394, 8878, 8682, 8594, 8756, 9081, 9202, 8929, 8374, 7761, 7091, 6587, 6247, 6177, 6218, 6038, 5682, 4917, 3747, 2757, 1865, 1485, 1575, 1770, 2223, 2477, 2380, 2326, 2117, 1689, 1228, 979, 889, 980, 1436, 1923, 2206, 2403, 2417, 2497, 2356, 2320, 2269, 2064, 2037, 1892, 1783, 1737, 1726, 1605, 1277, 943, 544, 284, 22, -319, -509, -800, -867, -1265, -1499, -1804, -2344, -2907, -3309, -3486, -3683, -3680, -3913, -3935, -3863, -3610, -3589, -3887, -4233, -4497, -4827, -4838, -4618, -4476, -4272, -4084, -3971, -3885, -4040, -4208, -4156, -4135, -4098, -4224, -4250, -4207, -4326, -4539, -4705, -4856, -4875, -4973, -4932, -5000, -5167, -5154, -5171, -5249, -5230, -5312, -5521, -5622, -5645, -5746, -5944, -6028, -5939, -5920, -5800, -5659, -5592, -5473, -5323, -5303, -5103, -4864, -4885, -4550, -4513, -4451, -4161, -3813, -3517, -3222, -2916, -2777, -2679, -2611, -2360, -2172, -1845, -1599, -1329, -976, -649, -433, -342, ;


Frequency: 130, Amplitude pozitiv: 4123, Amplitude negativ: 3807, .-<<||||   2, 410, 694, 1085, 1641, 2033, 2346, 2657, 3047, 3333, 3729, 4289, 4764, 5330, 5935, 6388, 6858, 7174, 7565, 7903, 8347, 8873, 9347, 9815, 10077, 10101, 9637, 9178, 8903, 8683, 8639, 9054, 9264, 9125, 8645, 7694, 7163, 6529, 6161, 5894, 5812, 5888, 5388, 4870, 4233, 3131, 2062, 1319, 1112, 1303, 1634, 2100, 2244, 2071, 1831, 1644, 1402, 928, 814, 838, 1022, 1630, 2122, 2521, 2660, 2575, 2447, 2278, 2372, 2316, 2240, 2156, 2044, 2121, 2041, 1860, 1623, 1283, 858, 550, 328, 128, -70, -530, -866, -1139, -1351, -1653, -2081, -2619, -3158, -3462, -3583, -3690, -3712, -3706, -3843, -3860, -3746, -3767, -4059, -4327, -4698, -4870, -4845, -4665, -4275, -4070, -3974, -4022, -4000, -4234, -4293, -4350, -4351, -4454, -4422, -4235, -4318, -4365, -4583, -4727, -4881, -5070, -4980, -5035, -5128, -5171, -5256, -5292, -5322, -5287, -5356, -5527, -5562, -5525, -5645, -5544, -5415, -5463, -5246, -5192, -5079, -4986, -4938, -4823, -4725, -4654, -4636, -4477, -4314, -4155, -4015, -3810, -3449, -3087, -2918, -2654, -2477, -2325, -2143, -2079, -1762, -1432, -1167, -997, -631, -347, -288, ;


Frequency: 136, Amplitude pozitiv: 5072, Amplitude negativ: 4404, .-<<||||   85, 506, 718, 958, 1580, 2005, 2403, 2975, 3517, 3890, 4330, 5083, 5760, 6247, 6949, 7795, 8411, 9077, 9806, 10390, 10943, 11691, 12379, 12965, 12996, 12367, 10984, 9611, 8727, 8528, 9022, 8857, 7994, 6518, 5116, 4554, 4307, 4366, 3831, 2699, 1519, 1267, 1539, 1404, 606, 1, 1, 1, 1, 252, 1693, 2153, 2216, 2281, 2842, 3852, 4686, 4818, 4338, 4289, 4749, 5744, 6713, 7321, 7303, 7023, 6943, 7195, 7375, 6990, 5815, 4371, 3506, 3252, 3432, 3463, 2642, 1131, -171, -945, -1054, -1147, -1465, -2338, -3096, -3484, -3575, -3462, -3958, -5189, -6174, -6626, -6476, -5738, -4917, -4768, -5094, -5201, -5144, -5007, -4793, -4514, -4503, -4498, -4257, -3886, -3624, -3405, -3411, -3554, -3490, -3048, -2768, -2741, -2957, -3451, -4035, -4059, -3952, -3893, -3931, -4070, -4405, -4916, -5325, -5660, -5983, -6144, -6168, -6392, -6446, -6525, -6613, -6758, -7133, -7364, -7327, -7139, -6796, -6799, -6749, -6844, -7102, -7101, -6818, -6416, -5968, -5475, -5071, -4956, -4698, -4225, -3861, -3349, -2781, -2109, -1626, -1081, -829, -563, -364, -237, ;


Frequency: 424, Amplitude pozitiv: 6852, Amplitude negativ: 3448, .-<<||||   214, 861, 1324, 1695, 2183, 2592, 2834, 3117, 3482, 4050, 4671, 5117, 5638, 6154, 6611, 7239, 7897, 8634, 9305, 10161, 10942, 11529, 12252, 12752, 13405, 13721, 14401, 15011, 15584, 14615, 10724, 5681, 1524, 1, 909, 3335, 3389, -944, -6475, -8990, -7780, -4273, -596, -1, -2771, -5545, -4443, -2226, -1387, -1387, -2237, -2669, ;


Frequency: 580, Amplitude pozitiv: 9262, Amplitude negativ: 5053, .-<<||||   400, 7046, 12614, 14014, 12993, 11384, 11017, 12713, 15465, 16341, 14026, 10634, 8393, 8094, 8693, 9159, 8891, 7778, 6404, 6002, 5966, 4306, 714, -3775, -7517, -9114, -8358, -6244, -4684, -5086, -6372, -7338, -7021, -5301, -3110, -1385, -475, -20, ;


Frequency: 272, Amplitude pozitiv: 1564, Amplitude negativ: 5467, .-<<||||   432, 1274, 2003, 1813, 804, 110, 72, 1154, 3155, 4417, 3913, 2523, 1251, 790, 998, 1339, 541, -1491, -3498, -4560, -4573, -4255, -3945, -4529, -5030, -4773, -3798, -3208, -3447, -4723, -6791, -7882, -7661, -6920, -6408, -6325, -6603, -7142, -7237, -6873, -6919, -7346, -7535, -7539, -7517, -7303, -7331, -7729, -8680, -9354, -9648, -9326, -8739, -8111, -7712, -7756, -7904, -7917, -7641, -7498, -7501, -7362, -7271, -7031, -6453, -5582, -4825, -4231, -3470, -2824, -2269, -1810, -1467, -1282, -1258, -1179, -1026, -859, -749, -251, -12, ;


Frequency: 268, Amplitude pozitiv: 6433, Amplitude negativ: 6562, .-<<||||   326, 1052, 1743, 2611, 3265, 3953, 4301, 4625, 5063, 5735, 6456, 7122, 7956, 8717, 9462, 10249, 11067, 11766, 12186, 12844, 13528, 14110, 14156, 14845, 15041, 14442, 10901, 4638, 1, 1, 1, 950, 3675, 1018, 1, 1, 1, 1, 652, 4567, 2967, 1, 1, 1, 1710, 2697, 2921, 2449, 4465, 10537, 17712, 20577, 19156, 15660, 12827, 12427, 14513, 15764, 13620, 8630, 3918, 2004, 2472, 3957, 4541, 3416, 1456, 144, 321, -113, -2958, -7883, -12906, -15203, -13826, -9136, -4796, -3149, -3933, -5161, -4526, -1728, ;


Frequency: 259, Amplitude pozitiv: 3295, Amplitude negativ: 5173, .-<<||||   1819, 4009, 4494, 3951, 3818, 4542, 5370, 4920, 2976, 1098, 638, 1676, 3780, 4880, 3657, 1093, -1142, -1812, -1410, -1406, -2898, -5522, -7681, -7906, -6680, -5127, -4164, -4309, -4687, -4141, -2699, -1776, -2305, -4206, -6413, -7559, -7044, -6157, -5549, -5395, -5623, -5619, -5565, -5367, -5494, -6290, -7274, -7926, -8215, -7875, -7419, -7437, -7870, -8115, -8004, -7629, -6988, -6476, -6263, -6632, -7022, -7106, -7094, -7282, -7824, -8154, -7872, -7293, -6544, -5830, -5442, -5186, -4695, -3926, -3225, -2651, -2370, -2282, -2210, -1947, -1581, -1297, -980, -794, -302, ;


Frequency: 612, Amplitude pozitiv: 8132, Amplitude negativ: 5325, .-<<||||   707, 1507, 2301, 2731, 3136, 4092, 4960, 5757, 6440, 6730, 6831, 7097, 7972, 9102, 10166, 11014, 11697, 12303, 13002, 14095, 14747, 15092, 14816, 13709, 9347, 2101, -4148, -6828, -5172, -1209, -1, -1, -6297, -11961, -11503, -6135, ;


Frequency: 565, Amplitude pozitiv: 8133, Amplitude negativ: 6121, .-<<||||   1110, 6584, 6067, 1488, 1, 251, 2528, 4296, 5384, 5839, 7594, 13572, 21130, 23910, 22174, 18228, 13917, 12243, 14159, 15966, 13142, 7542, 2319, 1, 588, 3580, 5654, 4636, 1954, -158, -369, -201, -2449, -7403, -12838, -15577, -13581, -7360, -1279, ;


Frequency: 5512, Amplitude pozitiv: 721, Amplitude negativ: 1360, .-<<||||   1082, 360, -1424, -1296, ;


Frequency: 250, Amplitude pozitiv: 3904, Amplitude negativ: 4833, .-<<||||   1832, 6106, 8408, 7681, 5461, 3674, 3728, 5206, 5722, 4121, 1711, 212, 590, 2122, 3463, 2437, -968, -4121, -5443, -5246, -4324, -3980, -5328, -6959, -7387, -6209, -4049, -2139, -1254, -1448, -1455, -928, -415, -802, -2635, -5462, -7886, -8287, -7093, -5457, -4399, -4497, -5386, -6554, -7084, -7341, -8027, -9049, -9692, -9740, -9296, -8368, -7620, -7460, -7575, -7247, -6482, -5456, -4941, -5069, -5829, -6664, -6933, -6531, -6222, -6373, -6609, -6727, -6836, -6433, -5455, -4643, -4394, -4073, -3609, -3258, -2683, -2580, -2571, -2626, -2156, -1376, -707, -347, -404, -652, -696, -71, ;


Frequency: 648, Amplitude pozitiv: 8701, Amplitude negativ: 7214, .-<<||||   1094, 2319, 3325, 4252, 4909, 5384, 5885, 6567, 7157, 7839, 8570, 9340, 10021, 10941, 11760, 12431, 13055, 13915, 14997, 15774, 15756, 11744, 3088, -6021, -10874, -9875, -4561, -1, -1, -6705, -14408, -15734, -10181, -1000, ;


Frequency: 735, Amplitude pozitiv: 8473, Amplitude negativ: 1023, .-<<||||   6324, 6502, 872, 1, 1, 1225, 4079, 5499, 4848, 5693, 11852, 21413, 27385, 26616, 21024, 14289, 10887, 12477, 15528, 14624, 8889, 2124, 1, 1, 2870, 5563, 4949, 1729, -1094, -952, ;


Frequency: 2756, Amplitude pozitiv: 91, Amplitude negativ: 9312, .-<<||||   91, -1269, -6144, -12808, -17382, -16384, -9535, -1665, ;


Frequency: 689, Amplitude pozitiv: 4575, Amplitude negativ: 5304, .-<<||||   2885, 3445, 1924, 1324, 3732, 7744, 10443, 10214, 7823, 5497, 5110, 6546, 7562, 6499, 3729, 1065, 340, 1612, 3555, 3813, 1215, -2717, -6182, -7567, -7112, -6368, -6614, -7303, -6996, -5029, -2456, -8, ;


Frequency: 7350, Amplitude pozitiv: 516, Amplitude negativ: 285, .-<<||||   776, 256, -285, ;


Frequency: 380, Amplitude pozitiv: 914, Amplitude negativ: 5904, .-<<||||   203, 1457, 1718, 281, -3247, -6943, -8672, -7893, -6030, -4237, -3648, -4515, -5843, -6783, -7366, -8587, -9949, -11048, -11687, -11060, -9396, -7805, -7187, -7495, -7984, -7804, -6846, -5602, -4811, -5263, -6414, -7642, -8239, -8219, -7799, -7397, -7562, -7657, -7609, -6917, -6425, -6364, -6208, -5923, -5360, -4459, -3434, -2730, -2828, -2991, -2771, -2276, -1461, -693, -287, -541, -581, -345, ;


Frequency: 668, Amplitude pozitiv: 8611, Amplitude negativ: 6897, .-<<||||   249, 1382, 2651, 4020, 4832, 5722, 6514, 7065, 7664, 7919, 8099, 8636, 9536, 10278, 11342, 12092, 13079, 14094, 15019, 15674, 14647, 8929, -247, -8369, -11443, -8372, -2185, -1, -1, -8692, -15355, -14506, -6698, ;


Frequency: 711, Amplitude pozitiv: 8327, Amplitude negativ: 1589, .-<<||||   3587, 10096, 8131, 903, 1, 1, 1919, 5379, 6631, 5830, 7285, 14827, 24459, 28911, 26591, 19425, 11833, 8830, 11019, 13548, 11715, 5371, 1, 1, 1, 3567, 6367, 4712, 554, -2016, -1163, ;


Frequency: 3150, Amplitude pozitiv: 130, Amplitude negativ: 10524, .-<<||||   130, -1708, -7273, -14272, -18226, -15131, -6536, ;


Frequency: 711, Amplitude pozitiv: 4574, Amplitude negativ: 5265, .-<<||||   1745, 5832, 5381, 3447, 3154, 5996, 9805, 10982, 8788, 5292, 2991, 3697, 6391, 7667, 6165, 2879, 109, 1, 1927, 4150, 3838, 402, -3958, -6704, -6740, -4978, -4216, -5257, -6583, -6058, -2899, ;


Frequency: 350, Amplitude pozitiv: 1750, Amplitude negativ: 5271, .-<<||||   1210, 3703, 3578, 1246, 1, 171, 1902, 2196, -280, -4636, -8438, -9065, -6961, -4137, -2766, -3074, -4699, -6316, -6385, -6176, -6890, -8710, -10063, -10593, -9210, -6587, -4504, -4166, -5302, -6184, -6247, -5364, -4110, -3591, -4701, -6442, -7454, -7469, -6991, -7061, -7561, -8457, -9315, -8849, -7707, -6809, -6631, -6747, -6550, -5692, -4094, -2444, -1698, -2022, -2492, -2641, -2291, -1360, -374, -131, -651, -757, -73, ;


Frequency: 551, Amplitude pozitiv: 7940, Amplitude negativ: 5209, .-<<||||   935, 2321, 3502, 3975, 4321, 4943, 5934, 6423, 6505, 6483, 6554, 7012, 8023, 9676, 10617, 11295, 12215, 13098, 14283, 14948, 15102, 11674, 2786, -7077, -12978, -11996, -6147, -1, -1, -3068, -12476, -16030, -11307, -1485, -1, -1, -1, -2456, -3431, -111, ;


Frequency: 711, Amplitude pozitiv: 9706, Amplitude negativ: 6941, .-<<||||   4290, 7441, 7389, 6878, 10956, 20478, 28424, 29312, 23665, 14840, 8380, 7619, 10317, 11163, 7096, 513, 1, 1, 865, 5093, 5985, 2826, -873, -1906, -902, -1072, -4593, -10782, -16340, -16487, -9514, ;


Frequency: 711, Amplitude pozitiv: 5063, Amplitude negativ: 6099, .-<<||||   379, 7514, 9598, 7873, 5539, 5690, 8619, 10876, 10260, 7050, 3825, 3050, 5031, 7479, 7226, 4111, 196, 1, 1, 2342, 3623, 1116, -3758, -7790, -8726, -7112, -5550, -5407, -6273, -6309, -3969, ;


Frequency: 350, Amplitude pozitiv: 2131, Amplitude negativ: 5246, .-<<||||   311, 3954, 4465, 2404, 485, 409, 1957, 3229, 1972, -2253, -6527, -7973, -6726, -4192, -2138, -2333, -4205, -5665, -6021, -6085, -6755, -8621, -10756, -11606, -10260, -7385, -5144, -4451, -5345, -6793, -6954, -5348, -3411, -2780, -3955, -6207, -7766, -7953, -7394, -7004, -7522, -8750, -9279, -8422, -6910, -5962, -6194, -6806, -7102, -5944, -3601, -1570, -977, -1789, -2994, -3357, -2496, -1084, -158, -222, -910, -978, -293, ;


Frequency: 565, Amplitude pozitiv: 8125, Amplitude negativ: 6751, .-<<||||   1168, 2887, 3855, 4390, 4783, 5530, 6322, 6867, 6455, 6167, 6188, 6962, 8571, 10342, 11641, 11879, 12358, 13067, 14164, 15114, 13722, 6325, -5016, -14035, -15991, -11021, -2763, -1, -1061, -11513, -18556, -16731, -7277, -1, -1, -1, -2060, -5569, -3170, ;


Frequency: 689, Amplitude pozitiv: 9113, Amplitude negativ: 7351, .-<<||||   1704, 6190, 7047, 5503, 7905, 17293, 27500, 31437, 27256, 17790, 8640, 5516, 8127, 10952, 8808, 2229, 1, 1, 1, 4268, 6780, 4597, 54, -2489, -1723, -957, -3044, -8806, -15441, -17958, -12929, -2813, ;


Frequency: 711, Amplitude pozitiv: 5672, Amplitude negativ: 5498, .-<<||||   6161, 10305, 9804, 7206, 6039, 7986, 11025, 11573, 8692, 4850, 2401, 3318, 6257, 7771, 6306, 2689, 1, 1, 1115, 3178, 2436, -1783, -7365, -10604, -10209, -7605, -5406, -4362, -4261, -3139, -254, ;


Frequency: 350, Amplitude pozitiv: 3043, Amplitude negativ: 5220, .-<<||||   3411, 5423, 4530, 2615, 1191, 1577, 2816, 2783, -82, -4562, -7740, -7904, -5697, -2646, -998, -1971, -4526, -6787, -7856, -8615, -9591, -10954, -11885, -11419, -8850, -5544, -3532, -3571, -5116, -6688, -6901, -5551, -4020, -3792, -5425, -7339, -8678, -8622, -7281, -6191, -6358, -7480, -8251, -8070, -7203, -6558, -6667, -7223, -6962, -5614, -3136, -896, -152, -811, -1975, -2293, -1650, -524, -1, -391, -1572, -2000, -1000, ;


Frequency: 580, Amplitude pozitiv: 8503, Amplitude negativ: 6513, .-<<||||   1326, 3915, 5801, 6371, 6268, 6237, 6425, 7012, 6982, 6524, 6446, 6985, 8266, 10045, 11575, 12802, 13572, 14409, 15256, 14418, 7930, -2881, -12613, -16204, -11913, -3478, -1, -1, -9457, -17805, -17385, -8006, -1, -1, -1, -578, -5846, -4561, ;


Frequency: 689, Amplitude pozitiv: 9302, Amplitude negativ: 7179, .-<<||||   508, 5864, 7071, 5179, 6769, 15395, 26286, 31769, 28781, 19320, 9015, 4675, 7058, 10585, 9381, 3009, 1, 1, 1, 3161, 6313, 4510, -99, -3083, -2580, -1188, -2717, -8251, -15591, -19105, -14726, -4453, ;


Frequency: 735, Amplitude pozitiv: 5892, Amplitude negativ: 5315, .-<<||||   5408, 10377, 10269, 7344, 5687, 7565, 10684, 11753, 9277, 5237, 2459, 3140, 6246, 8633, 7745, 4211, 783, 1, 1119, 3185, 2612, -1053, -6357, -9777, -9774, -7365, -4732, -3529, -3147, -2105, ;


Frequency: 344, Amplitude pozitiv: 3050, Amplitude negativ: 5033, .-<<||||   634, 3787, 5896, 5544, 3356, 1700, 1907, 3241, 3396, 1043, -3282, -6945, -7943, -6068, -2687, -839, -1357, -3816, -6686, -8136, -8705, -9177, -9741, -10112, -9512, -7812, -5147, -3074, -2624, -3667, -5253, -6332, -6169, -5074, -4247, -4571, -5818, -7080, -7634, -7164, -6271, -5797, -6259, -7336, -8307, -8287, -7860, -7408, -7225, -6963, -6060, -4212, -1640, -1, -1, -1, -1064, -2063, -2215, -1609, -989, -1177, -1385, -1008, ;


Frequency: 580, Amplitude pozitiv: 7932, Amplitude negativ: 6850, .-<<||||   260, 2084, 4279, 5600, 5859, 5957, 6160, 6392, 6505, 6663, 6401, 6242, 7213, 8901, 10761, 12429, 13819, 15030, 15464, 13968, 6590, -4681, -13745, -15719, -10741, -1984, -1, -295, -11811, -19640, -17617, -7278, -1, -1, -1, -1829, -6367, -4745, ;


Frequency: 689, Amplitude pozitiv: 9168, Amplitude negativ: 7731, .-<<||||   331, 5453, 6286, 4628, 7324, 17185, 27846, 32207, 27949, 17819, 7868, 4616, 7532, 10959, 9231, 2322, 1, 1, 1, 2862, 5750, 3537, -1128, -3825, -2929, -1693, -3602, -9661, -17010, -19659, -14193, -3610, ;


Frequency: 735, Amplitude pozitiv: 5750, Amplitude negativ: 5995, .-<<||||   6240, 11012, 10182, 6640, 5051, 7310, 10760, 11741, 9085, 4985, 2072, 2828, 5965, 8169, 7337, 4161, 731, 1, 1412, 2943, 2134, -1806, -7009, -10682, -10911, -8568, -5826, -4058, -3080, -2016, ;


Frequency: 339, Amplitude pozitiv: 2593, Amplitude negativ: 5088, .-<<||||   173, 3229, 5066, 4435, 2644, 1272, 1388, 2901, 3553, 1270, -3092, -7004, -8412, -6583, -3093, -460, -368, -2942, -6294, -8984, -10235, -10268, -10030, -9593, -8771, -7507, -5565, -3908, -3563, -4224, -5578, -6524, -6409, -5279, -3947, -3760, -4841, -6670, -8002, -8110, -7210, -6182, -5911, -6663, -7882, -8490, -8264, -7646, -7180, -6670, -5900, -4637, -2713, -534, -1, -1, -1102, -2560, -3183, -2576, -1609, -1226, -1053, -621, -60, ;


Frequency: 580, Amplitude pozitiv: 7955, Amplitude negativ: 6955, .-<<||||   1010, 3260, 4937, 5569, 5514, 5499, 5596, 5739, 6649, 6876, 7168, 7580, 8494, 9909, 11770, 13805, 15026, 15378, 13495, 5839, -5653, -14733, -16605, -11362, -2456, -1, -379, -11594, -19846, -18622, -8757, -1, -1, -1, -2161, -6832, -5529, -659, ;


Frequency: 711, Amplitude pozitiv: 9217, Amplitude negativ: 7908, .-<<||||   4515, 5656, 4337, 6998, 16579, 27251, 31842, 27739, 17230, 7089, 3501, 6614, 10510, 9351, 3037, 1, 1, 1, 2259, 5344, 3702, -984, -3808, -2989, -1962, -3572, -9487, -16900, -20133, -15158, -4092, ;


Frequency: 711, Amplitude pozitiv: 6143, Amplitude negativ: 5699, .-<<||||   6191, 11607, 11129, 7345, 5205, 7119, 10557, 12068, 9976, 5942, 3069, 3545, 6561, 8945, 8426, 4982, 995, 1, 597, 2486, 2276, -1742, -7544, -11360, -11641, -8985, -5963, -3971, -3299, -2488, -4, ;


Frequency: 350, Amplitude pozitiv: 3279, Amplitude negativ: 4826, .-<<||||   3452, 5587, 5250, 3383, 1169, 1034, 2987, 4253, 2404, -1241, -4904, -7060, -5618, -1836, -1, -1, -2527, -6421, -9791, -11103, -10812, -10184, -9602, -8650, -6958, -4612, -2516, -1869, -2847, -5051, -6801, -7039, -5896, -4443, -3726, -4332, -5669, -6527, -6339, -5545, -5052, -5504, -6590, -7982, -8740, -8477, -7863, -7365, -6837, -6190, -4771, -2503, -353, -1, -1, -365, -2129, -3242, -2885, -1929, -1199, -732, -18, ;


Frequency: 565, Amplitude pozitiv: 7853, Amplitude negativ: 7115, .-<<||||   722, 2065, 3980, 5330, 5732, 5877, 5889, 6025, 6105, 6394, 6702, 6759, 7508, 8901, 10609, 12277, 13603, 14523, 14980, 13800, 7136, -4117, -14199, -17735, -12899, -3353, -1, -1, -8890, -19079, -19937, -10543, -1, -1, -1, -936, -7352, -7031, -2010, ;


Frequency: 711, Amplitude pozitiv: 9393, Amplitude negativ: 8108, .-<<||||   4279, 6374, 4735, 6167, 15022, 26292, 32169, 28998, 18758, 7511, 2655, 5839, 10718, 10723, 4674, 1, 1, 1, 1972, 5832, 4539, -184, -3737, -3528, -2287, -3708, -9088, -16617, -20357, -16168, -5414, ;


Frequency: 711, Amplitude pozitiv: 5820, Amplitude negativ: 5221, .-<<||||   5616, 11743, 11639, 7360, 4230, 5473, 8994, 11194, 9883, 6194, 2871, 2660, 5504, 8543, 8857, 5763, 1555, 1, 286, 2022, 1846, -1994, -7556, -11337, -10978, -7829, -4504, -2811, -2539, -2360, -306, ;


Frequency: 350, Amplitude pozitiv: 3224, Amplitude negativ: 4721, .-<<||||   3205, 5461, 5424, 3462, 1149, 716, 2817, 4191, 2595, -1008, -4923, -6996, -5526, -1867, -1, -1, -2875, -7059, -10251, -11170, -10544, -9630, -9127, -8236, -6707, -4175, -1714, -846, -2051, -4524, -6624, -7234, -6099, -4742, -4298, -4652, -5580, -6095, -5583, -4691, -4429, -5408, -6899, -8513, -8946, -8492, -7812, -7115, -6662, -5811, -4193, -1972, -1, -1, -1, -470, -2060, -2852, -2704, -2096, -1814, -1387, -515, ;


Frequency: 565, Amplitude pozitiv: 7212, Amplitude negativ: 7564, .-<<||||   470, 1649, 3226, 4581, 4949, 5157, 5471, 5440, 5325, 5411, 5669, 6147, 6957, 8670, 10202, 11763, 12897, 14009, 14642, 14600, 10868, 581, -10799, -17385, -15593, -7356, -1, -1, -4169, -16215, -20963, -14830, -1657, -1, -1, -1, -6567, -8479, -4581, ;


Frequency: 711, Amplitude pozitiv: 8680, Amplitude negativ: 9843, .-<<||||   1911, 6270, 5663, 4776, 10517, 21553, 30070, 30249, 22468, 11091, 3455, 4131, 9441, 11891, 7635, 1, 1, 1, 1, 4151, 4828, 860, -3835, -5041, -3600, -3600, -7296, -14407, -20409, -19565, -10841, ;


Frequency: 689, Amplitude pozitiv: 5265, Amplitude negativ: 5622, .-<<||||   1037, 9327, 11423, 8314, 4038, 3877, 7171, 10634, 10626, 7359, 3317, 1699, 4138, 8166, 9756, 7282, 2828, 1, 1, 1371, 2804, 676, -5022, -11048, -13467, -10667, -5881, -2712, -2015, -2716, -2530, -171, ;


Frequency: 350, Amplitude pozitiv: 2588, Amplitude negativ: 4785, .-<<||||   3346, 5190, 4149, 1686, 339, 1290, 3653, 3621, 21, -4865, -7936, -7328, -3415, -1, -1, -570, -5485, -9450, -11163, -10677, -9520, -9148, -9209, -8666, -6106, -3042, -1041, -1377, -3663, -6262, -7416, -6266, -4443, -3889, -5043, -6834, -7928, -7257, -5165, -3231, -3384, -5464, -7752, -8731, -8231, -7421, -6982, -7164, -6824, -5219, -2504, -1, -1, -1, -280, -1878, -2268, -1657, -891, -972, -1691, -1703, -1001, ;


Frequency: 565, Amplitude pozitiv: 7543, Amplitude negativ: 7511, .-<<||||   885, 3370, 5164, 5481, 5168, 5200, 5514, 5951, 5977, 5635, 5531, 6138, 7894, 9782, 11781, 12753, 13116, 13539, 13947, 12108, 3488, -8090, -16480, -17131, -10680, -877, -1, -2053, -14108, -21370, -17836, -5656, -1, -1, -1, -5089, -9220, -6462, -151, ;


Frequency: 711, Amplitude pozitiv: 8832, Amplitude negativ: 8525, .-<<||||   5295, 5902, 4264, 7952, 18232, 27973, 30555, 24289, 12891, 3716, 2588, 7563, 11822, 9483, 1908, 1, 1, 1, 3175, 5438, 2437, -2483, -4849, -3942, -3453, -6094, -12321, -18985, -19931, -12464, -728, ;


Frequency: 711, Amplitude pozitiv: 5671, Amplitude negativ: 5091, .-<<||||   8569, 11602, 9244, 4792, 3383, 6358, 10301, 11376, 8821, 4713, 2150, 3591, 7128, 9367, 8089, 4224, 662, 1, 1375, 2586, 775, -4150, -9568, -11889, -9739, -5304, -2208, -1908, -2969, -2994, -185, ;


Frequency: 350, Amplitude pozitiv: 2787, Amplitude negativ: 4533, .-<<||||   3426, 5325, 4388, 1912, 81, 926, 3452, 4188, 1390, -3319, -6913, -7130, -3882, -1, -1, -939, -4954, -8509, -9740, -9082, -8130, -8098, -8452, -8164, -6260, -3072, -1070, -1245, -3389, -6139, -7535, -6727, -4726, -3578, -4070, -5580, -6839, -6551, -5292, -4169, -4359, -6283, -8464, -9332, -8539, -7108, -6172, -6238, -6216, -5275, -2986, -196, -1, -1, -118, -2079, -2793, -2044, -757, -230, -745, -867, -462, ;


Frequency: 565, Amplitude pozitiv: 8141, Amplitude negativ: 7233, .-<<||||   926, 3135, 4975, 5536, 5290, 5374, 5826, 6072, 6514, 6549, 6075, 6386, 8111, 10570, 12445, 13527, 14080, 13893, 14186, 13783, 7722, -3447, -13451, -16609, -12109, -2922, -1, -1, -10505, -20150, -19623, -9532, -1, -1, -1, -2995, -9224, -7838, -1798, ;


Frequency: 711, Amplitude pozitiv: 9384, Amplitude negativ: 8808, .-<<||||   4746, 6839, 5052, 6410, 15158, 26051, 31203, 27562, 17273, 6698, 2935, 6637, 11779, 11556, 4953, 1, 1, 1, 2270, 5911, 4041, -1172, -4673, -4409, -3375, -4849, -10221, -17512, -20786, -16120, -4971, ;


Frequency: 711, Amplitude pozitiv: 5211, Amplitude negativ: 5511, .-<<||||   5446, 10370, 9361, 4836, 2424, 4328, 8507, 10725, 9163, 5296, 2067, 2563, 5933, 8840, 8383, 4852, 781, 1, 768, 2773, 2019, -2263, -8027, -11878, -11222, -7470, -3729, -2421, -3068, -3416, -1620, ;


Frequency: 350, Amplitude pozitiv: 2467, Amplitude negativ: 4429, .-<<||||   1613, 4222, 4229, 2160, 206, 413, 2658, 4204, 2499, -2048, -6466, -7801, -5272, -865, -1, -1, -2898, -6942, -9123, -9059, -8175, -7982, -8387, -8472, -7118, -4464, -1939, -1217, -2809, -5390, -7012, -6626, -4773, -3219, -3209, -4651, -6361, -6934, -6053, -4648, -4027, -5155, -7244, -8513, -8336, -7181, -6324, -6247, -6423, -5788, -3847, -1220, -1, -1, -1, -1516, -2830, -2548, -1118, -1, -71, -413, -475, ;


Frequency: 565, Amplitude pozitiv: 7691, Amplitude negativ: 7972, .-<<||||   370, 2166, 4234, 5285, 5059, 4905, 5537, 6008, 6511, 6727, 6386, 6004, 6921, 9260, 11327, 12900, 13380, 13527, 13337, 14009, 12090, 3269, -8285, -16246, -16108, -9374, -1, -1, -3650, -15908, -21459, -16529, -4208, -1, -1, -1, -7294, -10063, -6396, ;


Frequency: 689, Amplitude pozitiv: 11496, Amplitude negativ: 5944, .-<<||||   420, 5372, 5382, 3897, 8471, 18988, 28210, 29490, 22726, 11929, 4243, 4399, 9199, 11899, 7815, -6, -5686, -5886, -1401, -1, -1, -1, -3117, -4678, -3651, -3726, -7110, -13913, -20047, -19777, -11644, -406, ;


Frequency: 711, Amplitude pozitiv: 5061, Amplitude negativ: 5617, .-<<||||   7634, 9966, 7359, 3678, 3440, 6919, 10428, 10479, 7619, 3636, 1859, 3792, 7168, 8333, 6191, 2507, 1, 2, 2020, 3006, 250, -4930, -9770, -11712, -9610, -5782, -3320, -3129, -3790, -3381, -753, ;


Frequency: 350, Amplitude pozitiv: 2497, Amplitude negativ: 4502, .-<<||||   2522, 4322, 3456, 1469, 467, 1555, 3294, 2897, -523, -5186, -8047, -7417, -3603, -1, -1, -1364, -5197, -7990, -8812, -8169, -7797, -8279, -9075, -8749, -6630, -3893, -2139, -2499, -4558, -6814, -7213, -5716, -3902, -3394, -4445, -6180, -7264, -6944, -5594, -4544, -4844, -6412, -8344, -8784, -7718, -6272, -5767, -6093, -6032, -4725, -2266, -1, -1, -1, -679, -2331, -2568, -1537, -159, -1, -400, -671, -103, ;


Frequency: 565, Amplitude pozitiv: 7862, Amplitude negativ: 7362, .-<<||||   1439, 3363, 4930, 4979, 4579, 4687, 5047, 5924, 6360, 6197, 5758, 6168, 7831, 10079, 11781, 13014, 13622, 13759, 14588, 15008, 11839, 2025, -9343, -16117, -14646, -7291, -1, -1, -4323, -15720, -20055, -13971, -2230, -1, -1, -1, -7695, -9011, -4749, ;


Frequency: 689, Amplitude pozitiv: 8334, Amplitude negativ: 8979, .-<<||||   1500, 5690, 5170, 4414, 9932, 20243, 27969, 28471, 21449, 11437, 4996, 5501, 9735, 11073, 6400, 1, 1, 1, 1, 3788, 4600, 989, -3074, -4295, -3756, -4575, -8302, -14904, -20225, -19201, -11024, -435, ;


Frequency: 1225, Amplitude pozitiv: 6073, Amplitude negativ: 490, .-<<||||   6899, 8865, 6708, 3969, 4224, 7251, 9944, 9836, 6749, 3284, 1987, 4307, 7521, 8191, 5626, 1814, -709, -271, ;


Frequency: 1837, Amplitude pozitiv: 2136, Amplitude negativ: 5247, .-<<||||   1842, 2430, -258, -5410, -9816, -11158, -8602, -5148, -3273, -2972, -3285, -2553, ;


Frequency: 350, Amplitude pozitiv: 2550, Amplitude negativ: 4433, .-<<||||   92, 3199, 4376, 3276, 1598, 1237, 2512, 3829, 2832, -1085, -5291, -7085, -5867, -2561, -1, -1, -2833, -6327, -8138, -8263, -7798, -7891, -8662, -9299, -8202, -5511, -2790, -1770, -3225, -5774, -7431, -6846, -4888, -3338, -3280, -4693, -5933, -6231, -5403, -4274, -3914, -5204, -7295, -8494, -8420, -7424, -6541, -6156, -6168, -5324, -3292, -707, -1, -1, -463, -1920, -2585, -2070, -815, -79, -173, -837, -836, ;


Frequency: 551, Amplitude pozitiv: 7609, Amplitude negativ: 6923, .-<<||||   320, 2209, 4091, 5011, 5059, 4891, 5054, 5287, 5383, 5135, 4849, 5050, 6585, 8769, 10917, 12287, 13085, 13419, 14190, 15097, 15372, 11582, 1386, -9382, -15527, -13707, -6284, -1, -1, -4672, -15079, -18466, -12632, -1279, -1, -1, -296, -7690, -8372, -4304, ;


Frequency: 689, Amplitude pozitiv: 8482, Amplitude negativ: 8655, .-<<||||   2003, 5900, 5443, 5114, 10762, 20441, 27227, 27524, 20934, 11698, 5744, 6313, 9969, 10744, 6244, 1, 1, 1, 1, 4359, 4818, 1369, -2352, -3859, -3636, -4788, -8615, -14706, -19527, -18239, -10345, -488, ;


Frequency: 1225, Amplitude pozitiv: 5719, Amplitude negativ: 737, .-<<||||   6442, 8768, 6986, 4454, 4524, 6985, 9257, 8961, 6307, 2995, 1786, 3703, 6393, 7165, 5093, 1697, -916, -559, ;


Frequency: 1696, Amplitude pozitiv: 1831, Amplitude negativ: 4869, .-<<||||   1428, 2235, -272, -5092, -9674, -11103, -8906, -5560, -3432, -2950, -3148, -2695, -731, ;


Frequency: 355, Amplitude pozitiv: 1963, Amplitude negativ: 4468, .-<<||||   2342, 3716, 2703, 1533, 1123, 1550, 1968, 773, -2718, -6108, -7232, -5568, -2638, -232, -446, -3251, -6338, -7852, -8073, -8112, -8421, -8982, -9020, -7726, -5233, -3149, -2485, -3838, -5753, -6744, -6152, -4634, -3441, -3624, -4984, -6114, -6361, -5599, -4616, -4342, -5423, -7111, -7740, -7565, -7049, -6309, -6084, -5850, -4783, -2672, -493, -1, -1, -920, -1999, -2175, -1401, -483, -221, -826, -1331, -1079, ;


Frequency: 537, Amplitude pozitiv: 7669, Amplitude negativ: 6242, .-<<||||   182, 2217, 3927, 4938, 5164, 5099, 5119, 5202, 4924, 4385, 4209, 4828, 6551, 8561, 10067, 11079, 12100, 13041, 14360, 15592, 15901, 13501, 5444, -5136, -13184, -14394, -9497, -1960, -1, -385, -9943, -16422, -14905, -6587, -1, -1, -1, -4470, -8035, -6182, -1255, ;


Frequency: 711, Amplitude pozitiv: 8120, Amplitude negativ: 9465, .-<<||||   3639, 5488, 4666, 7060, 14993, 23563, 27344, 24386, 16711, 8773, 5584, 7222, 9254, 7515, 2290, 1, 1, 1, 1720, 4655, 3615, 165, -2546, -3307, -3893, -6118, -11135, -17069, -19495, -15261, -6363, ;


Frequency: 711, Amplitude pozitiv: 4423, Amplitude negativ: 4779, .-<<||||   2660, 8043, 8750, 6332, 4292, 5192, 7451, 8404, 7303, 4454, 2132, 2679, 5171, 6814, 6002, 2870, 1, 1, 250, 2314, 1780, -1991, -6718, -9592, -9285, -6635, -4128, -3055, -3162, -2679, -551, ;


Frequency: 350, Amplitude pozitiv: 2124, Amplitude negativ: 4637, .-<<||||   2630, 4154, 3377, 1705, 793, 1204, 1845, 1288, -1513, -5318, -7443, -6701, -4543, -2010, -1109, -2402, -4623, -6335, -7235, -8236, -9087, -9627, -9603, -8476, -6021, -3552, -2768, -3644, -5137, -6401, -6336, -5077, -3860, -3753, -5043, -6455, -7138, -6985, -6054, -5312, -5567, -6339, -6708, -6863, -6840, -7065, -7391, -7424, -6349, -3950, -1142, -1, -1, -714, -1826, -2051, -1474, -661, -403, -880, -1529, -1549, -539, ;


Frequency: 537, Amplitude pozitiv: 7862, Amplitude negativ: 5658, .-<<||||   1315, 3129, 4515, 5488, 6003, 5950, 5436, 4765, 4022, 3851, 4352, 5673, 7447, 8949, 10324, 11555, 12978, 14254, 15171, 15427, 14979, 13702, 9187, 219, -8620, -12726, -10715, -4055, -1, -1, -2666, -12127, -15580, -10982, -1295, -1, -1, -1, -6486, -7459, -3483, ;


Frequency: 689, Amplitude pozitiv: 8323, Amplitude negativ: 8342, .-<<||||   2651, 6716, 5999, 5131, 9614, 18722, 25943, 27147, 21624, 12450, 5611, 4594, 7951, 9534, 6170, 1, 1, 1, 1, 4477, 5853, 2918, -1386, -3734, -4074, -4543, -7603, -13605, -18653, -18173, -10957, -698, ;


Frequency: 711, Amplitude pozitiv: 3994, Amplitude negativ: 5038, .-<<||||   7436, 10272, 7695, 3771, 2658, 4764, 7333, 7952, 6012, 3147, 2171, 3598, 5278, 5149, 2545, 1, 1, 1, 1367, 2528, 196, -4253, -8241, -9047, -7276, -4906, -3932, -4378, -4674, -3312, -364, ;


Frequency: 361, Amplitude pozitiv: 1964, Amplitude negativ: 4686, .-<<||||   2599, 3925, 3292, 1603, 391, 778, 1160, -33, -2612, -5357, -6944, -6622, -4744, -2864, -2506, -3419, -4771, -6202, -7003, -7721, -8718, -9505, -9475, -8571, -7046, -5660, -5460, -6046, -6481, -5889, -4605, -3172, -2594, -3609, -5366, -6466, -6831, -6653, -6473, -6682, -6925, -6829, -6256, -5595, -5342, -5359, -5007, -4108, -2833, -1661, -1268, -1724, -2477, -2688, -1998, -1106, -712, -759, -1340, -1778, -1227, ;


Frequency: 525, Amplitude pozitiv: 7643, Amplitude negativ: 5123, .-<<||||   390, 2109, 3334, 4337, 4720, 4930, 4997, 4913, 4803, 4447, 4506, 5105, 6324, 7815, 9414, 10772, 11763, 12829, 13756, 14374, 14175, 13476, 12228, 7915, -203, -8071, -11787, -10021, -4229, -1, -1, -4314, -12601, -15116, -10288, -974, -1, -1, -1, -5596, -6138, -2872, ;


Frequency: 689, Amplitude pozitiv: 8059, Amplitude negativ: 7552, .-<<||||   2455, 6261, 6043, 5291, 9544, 17964, 24257, 25191, 20124, 11973, 5799, 5001, 7989, 9355, 6227, 292, 1, 1, 1, 4164, 5938, 3432, -601, -2872, -3397, -4226, -6934, -12239, -17102, -16921, -10353, -878, ;


Frequency: 711, Amplitude pozitiv: 3374, Amplitude negativ: 4171, .-<<||||   6245, 8534, 5811, 2165, 1372, 3750, 6972, 8221, 6658, 3618, 1910, 2572, 3821, 3696, 1578, 1, 1, 1, 1188, 2236, 523, -3499, -7253, -8167, -6615, -4113, -2556, -2750, -3318, -2690, -758, ;


Frequency: 4410, Amplitude pozitiv: 1256, Amplitude negativ: 281, .-<<||||   1269, 1977, 1354, 427, -281, ;


Frequency: 393, Amplitude pozitiv: 352, Amplitude negativ: 5011, .-<<||||   96, 608, -677, -3838, -6792, -8507, -8281, -6292, -4049, -3124, -3743, -4934, -6707, -8239, -8861, -9130, -9178, -8640, -7367, -6178, -5831, -6041, -6397, -6128, -5324, -4271, -3403, -3613, -4930, -6340, -6859, -6839, -6663, -6689, -6820, -6937, -6834, -6424, -6114, -5987, -5906, -5278, -3886, -2397, -1556, -1475, -2101, -2472, -2052, -1335, -889, -936, -1542, -2440, -2312, -1075, ;


Frequency: 525, Amplitude pozitiv: 7336, Amplitude negativ: 4984, .-<<||||   1072, 2989, 3993, 4198, 4006, 4053, 4473, 4753, 4560, 4214, 3833, 4064, 5691, 7740, 9610, 10844, 11530, 12233, 12883, 14000, 14480, 14173, 12717, 9103, 2200, -5574, -9901, -9121, -4968, -1, -1, -2401, -9842, -13531, -10986, -3722, -1, -1, -1, -4059, -6157, -4464, ;


Frequency: 689, Amplitude pozitiv: 7652, Amplitude negativ: 7519, .-<<||||   184, 4701, 6364, 6036, 8283, 14342, 20620, 23507, 21159, 14647, 7961, 5203, 6966, 9170, 8289, 3803, 1, 1, 1, 2624, 5660, 4967, 1521, -1709, -3492, -4083, -5383, -8757, -13246, -15032, -11492, -4477, ;


Frequency: 689, Amplitude pozitiv: 3116, Amplitude negativ: 3852, .-<<||||   2544, 6306, 5393, 2235, 485, 2044, 5603, 8212, 8015, 5481, 2801, 2010, 2895, 3737, 2955, 345, 1, 1, 13, 2263, 2103, -602, -4473, -6888, -6758, -5084, -3434, -3121, -3773, -4155, -2986, -1106, ;


Frequency: 373, Amplitude pozitiv: 785, Amplitude negativ: 4905, .-<<||||   826, 1623, 1223, 420, 152, 468, -95, -2174, -4922, -7453, -8593, -7686, -5507, -3341, -2409, -2835, -4593, -6521, -8006, -8996, -9212, -9278, -9017, -8636, -8035, -7312, -6533, -5651, -4791, -4156, -3870, -4053, -4441, -5010, -5478, -5926, -6750, -7504, -7754, -7358, -6507, -5565, -4810, -4397, -4068, -3398, -2534, -2036, -2130, -2702, -3302, -3297, -2698, -1863, -1347, -1362, -1613, -1678, -764, ;


Frequency: 512, Amplitude pozitiv: 7325, Amplitude negativ: 4038, .-<<||||   724, 2433, 3428, 3392, 3034, 3279, 3989, 4871, 5552, 5350, 4737, 4702, 5812, 7790, 9401, 10719, 11110, 10907, 11445, 12386, 13535, 13756, 13107, 11176, 6495, -260, -6221, -8644, -7036, -2877, -1, -1, -5392, -10911, -11953, -7816, -650, -1, -1, -1, -3857, -4690, -2379, ;


Frequency: 689, Amplitude pozitiv: 7427, Amplitude negativ: 6718, .-<<||||   2083, 5710, 6261, 6442, 9470, 14836, 19292, 20541, 17607, 11908, 7007, 5803, 7798, 9492, 8247, 4397, 180, 1, 1, 2972, 5155, 4248, 1375, -1559, -3398, -4232, -5314, -8240, -11593, -12498, -9618, -4012, ;


Frequency: 242, Amplitude pozitiv: 3433, Amplitude negativ: 4272, .-<<||||   1523, 4176, 3172, 653, 1, 1517, 5040, 7739, 7947, 5908, 3630, 2741, 3187, 3875, 3081, 748, -1281, -1696, -531, -1, -1, -817, -3711, -5542, -5345, -3613, -1880, -1336, -2068, -3121, -3009, -1832, -446, -1, -1, -1, -698, -1244, -2210, -3778, -5672, -7192, -7924, -7299, -5605, -4127, -4052, -4770, -6310, -8262, -9530, -9886, -9259, -8469, -7646, -6748, -6290, -5918, -5497, -5314, -5337, -5639, -6001, -6435, -6603, -6527, -6346, -6364, -6749, -7270, -7481, -7135, -6525, -6029, -5643, -5565, -5274, -4524, -3661, -2925, -2591, -2704, -2953, -2813, -2098, -1437, -1130, -1631, -2007, -1974, -1168, ;


Frequency: 512, Amplitude pozitiv: 6603, Amplitude negativ: 3647, .-<<||||   278, 1574, 2261, 2402, 2525, 3170, 4257, 4908, 4967, 4524, 4197, 4555, 6127, 7643, 8770, 9206, 9216, 9606, 10789, 12458, 13345, 13347, 12881, 11088, 6737, 858, -3951, -6176, -5256, -1880, -1, -758, -5648, -9715, -10399, -6697, -87, -1, -1, -441, -3786, -4746, -2463, ;


Frequency: 580, Amplitude pozitiv: 6922, Amplitude negativ: 3852, .-<<||||   2061, 5094, 4975, 4731, 6943, 10869, 15085, 17507, 15956, 11632, 7386, 6328, 8088, 10092, 9947, 6826, 2661, 1, 1, 2273, 4327, 4235, 2196, -445, -2437, -3516, -4574, -6536, -8923, -10103, -8893, -5682, -2197, -13, -1, -1259, -2098, -1117, ;


Frequency: 259, Amplitude pozitiv: 3189, Amplitude negativ: 3984, .-<<||||   1269, 3715, 4963, 5031, 4307, 3605, 3321, 3179, 2113, 387, -918, -1222, -735, -192, -1, -550, -2103, -3012, -3216, -2654, -2036, -2003, -2385, -2826, -2801, -2539, -2026, -1455, -1082, -1052, -1440, -2245, -3486, -4793, -5952, -6338, -5992, -5466, -4791, -4549, -4489, -4844, -5629, -6813, -8420, -9675, -10084, -9480, -7787, -5890, -4640, -4276, -4661, -5240, -5612, -5769, -5974, -6282, -6790, -7221, -7358, -6984, -6605, -6137, -6047, -6016, -5767, -5549, -5126, -4515, -3667, -3110, -2842, -2704, -2759, -2678, -2440, -2049, -1593, -1188, -1171, -1309, -1063, -685, -72, ;


Frequency: 525, Amplitude pozitiv: 6305, Amplitude negativ: 2098, .-<<||||   392, 858, 1357, 1942, 2991, 4183, 4958, 4972, 4779, 4793, 5435, 6445, 7435, 8151, 8239, 8037, 8239, 9068, 10197, 11240, 11637, 11544, 11092, 9148, 5503, 1316, -1611, -2931, -2275, -347, -1, -1776, -4951, -6691, -5939, -2578, -1, -1, -1, -376, -2118, -1975, ;


Frequency: 537, Amplitude pozitiv: 6032, Amplitude negativ: 1848, .-<<||||   592, 3531, 4670, 4106, 3575, 4314, 6462, 9540, 11518, 10933, 8917, 6855, 6573, 8008, 9620, 9966, 8434, 6013, 3933, 3594, 4828, 6037, 6330, 5025, 2822, 643, -1035, -2128, -2965, -3443, -3407, -3210, -2365, -1360, -980, -1049, -1413, -1668, -1639, -889, -180, ;


Frequency: 259, Amplitude pozitiv: 1137, Amplitude negativ: 4946, .-<<||||   743, 1959, 3038, 3324, 2915, 2167, 847, 1, 1, 23, 289, 433, 152, 1, 1, 153, 1030, 1671, 2117, 2018, 1703, 1457, 1129, 813, 445, -218, -1218, -2423, -3690, -4915, -5759, -6022, -5998, -6085, -5675, -5365, -5377, -5163, -5402, -6094, -7503, -8861, -10114, -10582, -9920, -8474, -6682, -4934, -3640, -2923, -2787, -3119, -3723, -4668, -5560, -6351, -6816, -6888, -6656, -6290, -5984, -5862, -5815, -5659, -5679, -5798, -5563, -5237, -4818, -4388, -4195, -4381, -4745, -5033, -4994, -4113, -3348, -2646, -2249, -2120, -2063, -2199, -1895, -1398, -707, ;


Frequency: 129, Amplitude pozitiv: 3671, Amplitude negativ: 3895, .-<<||||   41, 792, 1518, 2121, 2601, 2954, 3220, 3605, 4297, 4770, 4935, 4993, 4884, 4695, 4809, 5327, 5778, 6156, 6654, 6771, 6967, 7247, 7045, 6792, 6232, 5245, 4092, 3638, 3978, 4697, 5430, 5882, 6009, 5576, 5426, 6058, 6735, 7065, 6836, 6534, 6503, 6780, 7421, 7760, 6919, 5014, 3297, 2088, 1477, 1802, 2500, 2671, 2632, 2715, 2693, 2406, 1909, 1178, 473, 349, 908, 1825, 2638, 2965, 3122, 3195, 3037, 2575, 1872, 1057, 297, 528, 1714, 3003, 3692, 3343, 2136, 922, 462, 658, 1143, 1513, 1434, 855, 227, -2, -185, -762, -1872, -3216, -4303, -4780, -4587, -4333, -4203, -4176, -3994, -3197, -2080, -1140, -738, -1006, -1493, -1761, -1565, -1262, -1236, -1810, -3141, -4687, -5401, -5467, -5167, -4853, -4600, -4573, -4785, -4666, -4201, -4104, -4796, -5763, -6915, -7774, -8040, -7531, -6602, -5839, -4932, -4110, -3475, -2928, -2415, -2507, -3279, -4329, -5391, -5987, -6327, -6094, -5672, -5427, -5103, -4857, -4784, -4851, -4784, -4592, -4305, -4180, -4001, -4354, -4919, -5408, -5860, -5827, -5283, -4494, -3845, -3261, -3031, -3241, -3431, -3230, -2760, -2157, -1385, -987, -549, -168, ;


Frequency: 132, Amplitude pozitiv: 3632, Amplitude negativ: 4202, .-<<||||   254, 771, 1441, 2011, 2145, 2413, 2592, 2697, 2617, 2845, 2992, 3283, 4187, 5130, 6083, 6703, 7103, 7300, 7603, 7844, 8024, 7642, 6603, 5822, 5390, 5400, 6083, 6788, 7217, 6866, 6368, 6306, 6546, 6918, 6971, 6792, 6524, 6431, 6018, 5694, 4979, 3203, 1042, 1, 1, 1, 1, 169, 637, 1018, 1178, 1132, 971, 644, 374, 520, 1075, 1586, 2384, 3081, 3622, 4057, 4335, 4156, 3551, 2966, 2625, 2705, 3553, 4531, 5122, 5040, 4025, 3076, 2359, 2320, 2614, 2700, 2486, 1833, 970, 368, 74, -361, -1296, -2458, -3773, -4684, -5081, -4780, -4553, -4307, -3939, -3592, -2796, -1782, -1027, -914, -1043, -1409, -1701, -1967, -2264, -2712, -3112, -3736, -4124, -4153, -4110, -3877, -3785, -3682, -3722, -3710, -3594, -3777, -4262, -5001, -5954, -6603, -6803, -6802, -6552, -6300, -5879, -5535, -4959, -4436, -4241, -4519, -5527, -6707, -7732, -8061, -7778, -7075, -6356, -5848, -5295, -5025, -5165, -5136, -5256, -5317, -5274, -5005, -4622, -4495, -4854, -5567, -5961, -5835, -5172, -4236, -3653, -3478, -3715, -3935, -3916, -3398, -2410, -1955, -1800, -1734, -1260, -546, ;


Frequency: 132, Amplitude pozitiv: 4155, Amplitude negativ: 4061, .-<<||||   171, 710, 817, 774, 867, 1557, 2361, 2666, 2535, 2456, 2702, 3488, 4891, 6317, 6775, 6950, 7092, 7695, 8632, 9691, 10258, 9968, 9510, 8512, 7894, 7649, 7704, 7685, 7630, 7785, 7855, 7945, 7862, 7640, 7272, 6936, 6549, 6464, 6330, 5672, 4695, 3833, 2729, 1075, 1, 1, 1, 1, 1, 560, 1342, 2091, 2355, 2224, 1756, 1495, 1311, 1563, 2366, 3325, 4262, 4918, 5407, 5617, 5339, 4876, 4070, 3625, 3421, 3534, 4006, 4090, 3868, 3128, 2435, 1998, 1931, 2021, 2034, 1736, 1020, 398, -153, -511, -1108, -2051, -2988, -3580, -3884, -4002, -3660, -3513, -3538, -3252, -2784, -2175, -1500, -1160, -1476, -2044, -2567, -3054, -3377, -3663, -3841, -3985, -4024, -3961, -3978, -3598, -3391, -3596, -3798, -4097, -4334, -4587, -4694, -4890, -4932, -5191, -5325, -5300, -5198, -5067, -4743, -4159, -3791, -3512, -3578, -4212, -5205, -6121, -6667, -6881, -6760, -6511, -6146, -6059, -5823, -5474, -5335, -5539, -5842, -6255, -6569, -6405, -6139, -6045, -6332, -6583, -6543, -5855, -4947, -4217, -3811, -3874, -4299, -4219, -3805, -3125, -2391, -1947, -1980, -1884, -1132, -624, -59, ;


Frequency: 7350, Amplitude pozitiv: 43, Amplitude negativ: 136, .-<<||||   43, -48, -224, ;


Frequency: 131, Amplitude pozitiv: 4210, Amplitude negativ: 4343, .-<<||||   24, 804, 1412, 1737, 1615, 1396, 1687, 2867, 4302, 5060, 5618, 5720, 6002, 6720, 7818, 8784, 9200, 9214, 8883, 8862, 9250, 9505, 9218, 8683, 8132, 8164, 8836, 9748, 9730, 8756, 7665, 6888, 6684, 7012, 7335, 7060, 5874, 4595, 4014, 3512, 2345, 862, 1, 1, 1, 1, 206, 1319, 1788, 1635, 844, 579, 823, 1135, 1636, 1938, 2365, 3006, 4231, 5195, 5779, 5673, 4813, 3965, 3522, 3622, 3762, 3705, 3379, 2814, 2243, 1828, 1740, 1773, 1726, 1544, 1214, 913, 312, -355, -1134, -2205, -3028, -3414, -3835, -4062, -4072, -4298, -4401, -4285, -3861, -3258, -2648, -1962, -1654, -1704, -2191, -2795, -3365, -3693, -3893, -4241, -4266, -3831, -3433, -2979, -2548, -2587, -3060, -3762, -4525, -4955, -5004, -4864, -4806, -4871, -4947, -5023, -5056, -5057, -5136, -5259, -5354, -5364, -5331, -5457, -5884, -6436, -6673, -6751, -6806, -6735, -6600, -6304, -6105, -5883, -5876, -6191, -6369, -6489, -6532, -6584, -6731, -6828, -6993, -7076, -6787, -6353, -5888, -5440, -5330, -5530, -5593, -5549, -5110, -4328, -3664, -3226, -2777, -2303, -1928, -1396, -1116, -1288, -1607, -1734, -1387, -546, ;


Frequency: 131, Amplitude pozitiv: 4583, Amplitude negativ: 4232, .-<<||||   269, 859, 1231, 1337, 1565, 2213, 3164, 3894, 4203, 4315, 4451, 4880, 6039, 7188, 7750, 7766, 7652, 7831, 8652, 9959, 10908, 10527, 9407, 8472, 8178, 8738, 9688, 10198, 9830, 8793, 7805, 7773, 8235, 8451, 7841, 6993, 6147, 5353, 5080, 5098, 4146, 2102, 389, 1, 1, 205, 1499, 2146, 2023, 1896, 1689, 1532, 1567, 1376, 1467, 1976, 2698, 3909, 4931, 5599, 5850, 5795, 5488, 4780, 4228, 3582, 2827, 2486, 2336, 2571, 2946, 3100, 2890, 2676, 2254, 1809, 1332, 716, -161, -1150, -1574, -1833, -1945, -2183, -2805, -3632, -4357, -4482, -4321, -4074, -3720, -3458, -3287, -2967, -2792, -2722, -2704, -3065, -3579, -4134, -4378, -4176, -3706, -3223, -2796, -2828, -3233, -3580, -4073, -4429, -4718, -4862, -4947, -5085, -5041, -4996, -4866, -4673, -4718, -4916, -5305, -5578, -5728, -5772, -5866, -5933, -5818, -5948, -6169, -6385, -6395, -6289, -6142, -6146, -6219, -6273, -6268, -6034, -6014, -5851, -5913, -6141, -6115, -6172, -5995, -5833, -5637, -5405, -5317, -5409, -5508, -5394, -4988, -4383, -3740, -3033, -2580, -2395, -2365, -2506, -2535, -2541, -2649, -2589, -2391, -1792, -1018, -271, ;


Frequency: 130, Amplitude pozitiv: 4670, Amplitude negativ: 4650, .-<<||||   408, 828, 1195, 1756, 2398, 3026, 3641, 4021, 4269, 4561, 5097, 5764, 6436, 6768, 7078, 7342, 7847, 8894, 9791, 10474, 10761, 10336, 9661, 8896, 8324, 8269, 8595, 8927, 9042, 8913, 8451, 8058, 7821, 7540, 7017, 6665, 6451, 5969, 5604, 5355, 4875, 3655, 2172, 1139, 519, 639, 1399, 2364, 2732, 2706, 2601, 2315, 2239, 2364, 2695, 2993, 3281, 3779, 4427, 5243, 5597, 5380, 4878, 3964, 2933, 2438, 2088, 2019, 2397, 3019, 3160, 3151, 2938, 2448, 2073, 1603, 1231, 817, 474, -99, -355, -576, -928, -1312, -1959, -2789, -3679, -4234, -4306, -4308, -4346, -4172, -4138, -3937, -3689, -3406, -3552, -3834, -4230, -4952, -5385, -5324, -4893, -4456, -4199, -4209, -4482, -4728, -4851, -5168, -5213, -5067, -5073, -4736, -4390, -4038, -4034, -4363, -4907, -5776, -6044, -5907, -5898, -5990, -6113, -6301, -6273, -6128, -6008, -6088, -6635, -7190, -7665, -7818, -7730, -7687, -7496, -7213, -7054, -6748, -6289, -6295, -6423, -6607, -6780, -6686, -6610, -6634, -6684, -6501, -5994, -5221, -4208, -3608, -3292, -3386, -3542, -3473, -3479, -3434, -3614, -3486, -3307, -2818, -2206, -1549, -1059, -926, -371, ;


Frequency: 131, Amplitude pozitiv: 4513, Amplitude negativ: 4836, .-<<||||   201, 964, 1791, 2279, 2649, 2782, 2988, 3472, 4092, 4654, 5301, 5917, 6549, 7423, 8284, 8911, 9198, 9549, 9880, 10356, 10876, 10995, 10485, 9423, 8471, 8106, 8568, 9359, 9689, 9068, 7989, 6838, 6423, 6630, 6577, 6579, 6389, 5847, 5265, 5111, 4973, 3723, 2160, 759, 1, 1, 864, 2125, 2833, 3088, 3130, 2836, 2669, 2769, 2909, 3024, 3047, 3235, 3386, 3820, 4148, 4301, 4098, 3481, 2878, 2472, 2581, 2622, 2722, 2755, 2626, 2236, 1617, 1157, 894, 942, 795, 835, 585, 89, -146, -465, -968, -1634, -2349, -3220, -3834, -4291, -4469, -4530, -4526, -4497, -4276, -3915, -3665, -3678, -3940, -4460, -5031, -5165, -5143, -5024, -4922, -4763, -4743, -4792, -4644, -4403, -4268, -4305, -4304, -4278, -4225, -4280, -4367, -4720, -5136, -5240, -5214, -5120, -5135, -4973, -5168, -5448, -5487, -5716, -5825, -6117, -6482, -6765, -7298, -7544, -7740, -7751, -7678, -7673, -7392, -7107, -7041, -7030, -7041, -7142, -7143, -7271, -7410, -7535, -7386, -7121, -6424, -5442, -4712, -4386, -4484, -4487, -4554, -4606, -4446, -4344, -4334, -4232, -3925, -3384, -2753, -2211, -1788, -1385, -979, -402, ;


Frequency: 130, Amplitude pozitiv: 4814, Amplitude negativ: 4966, .-<<||||   322, 957, 1297, 1571, 1837, 2250, 2831, 3536, 4039, 4360, 4915, 5585, 6565, 7566, 8149, 8389, 8584, 8959, 9518, 10512, 11109, 11342, 11050, 10252, 9555, 9048, 8838, 8984, 9181, 9092, 8691, 8214, 7832, 7691, 7552, 7255, 6866, 6523, 6383, 6171, 6016, 5517, 4041, 2345, 1198, 878, 1258, 2340, 3270, 3482, 3695, 3548, 3481, 3351, 3067, 2619, 2387, 2505, 2960, 3725, 4461, 4847, 4777, 4618, 4224, 3961, 3610, 3168, 2730, 2258, 1945, 1923, 1786, 1532, 1565, 1587, 1634, 1726, 1535, 954, 69, -564, -1131, -1653, -1984, -2468, -2973, -3571, -4059, -4301, -4445, -4441, -4540, -4486, -4196, -4062, -3836, -3693, -3941, -4556, -5166, -5482, -5723, -5662, -5280, -4770, -4405, -4451, -4332, -4419, -4659, -5007, -5339, -5463, -5482, -5338, -5256, -5377, -5440, -5573, -5614, -5751, -6046, -6170, -6530, -6816, -6968, -7139, -7150, -7123, -7232, -7322, -7551, -7651, -7551, -7295, -7302, -7324, -7346, -7239, -6951, -6773, -6883, -7147, -7229, -7247, -6736, -6229, -5913, -5727, -5597, -5381, -4972, -4488, -4247, -4288, -4563, -4706, -4583, -4332, -3721, -3133, -2660, -2234, -1757, -1271, -975, -484, -188, ;


Frequency: 131, Amplitude pozitiv: 4796, Amplitude negativ: 5167, .-<<||||   129, 841, 1359, 1923, 2425, 2731, 3064, 3363, 3926, 4435, 5093, 5659, 6162, 6755, 7498, 8153, 8846, 9212, 9404, 9886, 10275, 10785, 10990, 10689, 9702, 8713, 8173, 8116, 8874, 9530, 9843, 9418, 8251, 7339, 7034, 7233, 7153, 6882, 6575, 6210, 5870, 5772, 5255, 4045, 2776, 1917, 1567, 1935, 2954, 3549, 3675, 3419, 2614, 2088, 1829, 1883, 2102, 2378, 2751, 3041, 3719, 4350, 4668, 4837, 4587, 3831, 2895, 2155, 1754, 1528, 1569, 1890, 2213, 2161, 2213, 2005, 1558, 1099, 619, 31, -593, -1194, -1511, -1760, -1889, -2148, -2753, -3423, -4411, -5134, -5434, -5344, -5140, -4622, -4461, -4358, -4239, -4531, -4829, -5205, -5696, -5856, -5660, -5467, -5110, -4903, -4790, -4881, -5108, -5429, -5774, -5765, -5958, -5843, -5778, -5894, -5892, -5851, -6026, -6206, -6324, -6673, -7036, -7248, -7482, -7524, -7426, -7168, -7077, -7042, -7075, -7460, -7605, -7805, -7943, -7992, -7786, -7625, -7367, -7090, -6767, -6721, -6532, -6509, -6524, -6599, -6496, -6249, -5997, -5623, -5180, -4770, -4644, -4466, -4515, -4593, -4360, -4131, -3843, -3569, -3390, -3043, -2708, -2180, -1582, -1166, -700, -245, ;


Frequency: 132, Amplitude pozitiv: 4748, Amplitude negativ: 5248, .-<<||||   260, 1012, 1726, 2060, 2445, 2527, 2596, 2969, 3390, 3943, 4416, 5034, 5696, 6517, 7242, 7828, 8129, 8393, 8467, 8549, 9166, 9850, 10317, 10662, 10385, 9436, 8663, 8206, 8494, 8926, 9404, 9105, 8311, 7363, 6642, 6514, 6511, 6588, 6406, 6319, 6068, 6029, 6043, 5509, 4110, 2628, 1642, 1247, 1877, 2838, 3336, 3311, 3073, 2700, 2468, 2538, 2740, 2906, 3093, 3534, 3787, 4354, 4878, 4991, 4742, 4327, 3790, 3288, 3046, 2860, 2829, 2839, 2943, 2833, 2517, 2130, 1633, 1240, 1008, 727, 450, 37, -332, -546, -826, -1263, -1778, -2669, -3480, -4257, -4681, -4697, -4631, -4684, -4908, -4943, -4948, -4676, -4486, -4618, -4949, -5448, -5915, -6111, -5751, -5452, -5213, -5184, -5371, -5274, -5305, -5418, -5602, -5869, -6113, -6062, -6031, -5708, -5625, -5911, -6357, -6735, -6850, -6932, -6796, -6854, -7087, -7185, -7115, -7043, -7076, -7275, -7566, -7865, -8176, -8071, -7613, -7442, -7349, -7388, -7341, -7145, -6986, -6895, -6941, -6891, -6821, -6570, -6107, -5786, -5579, -5499, -5311, -5098, -4735, -4251, -4010, -3930, -3747, -3552, -3486, -3140, -2562, -1833, -1294, -811, -286, ;


Frequency: 131, Amplitude pozitiv: 4953, Amplitude negativ: 5188, .-<<||||   158, 643, 988, 1408, 1844, 2289, 2623, 2875, 3278, 3681, 4252, 4910, 5532, 6235, 6754, 7126, 7703, 8121, 8389, 8740, 9102, 9709, 10417, 11063, 11350, 11028, 10179, 9404, 8823, 8714, 9026, 9235, 9092, 8512, 7671, 6966, 6905, 6965, 7100, 7196, 7028, 6842, 6668, 6611, 5798, 4252, 2777, 1819, 1586, 1963, 2726, 3130, 3187, 3273, 3294, 3361, 3513, 3558, 3467, 3681, 3928, 4084, 4510, 4804, 4839, 4697, 4528, 4281, 3865, 3735, 3518, 3030, 2798, 2529, 2164, 2042, 1769, 1565, 1373, 1083, 961, 502, 22, -591, -1241, -1510, -1942, -2245, -2746, -3560, -4463, -5019, -5249, -5310, -5155, -4655, -4188, -3830, -3479, -3396, -3760, -4281, -4874, -5552, -5931, -5900, -5594, -5178, -4825, -4832, -4973, -5031, -5291, -5659, -5712, -5775, -5908, -5833, -5759, -5775, -6099, -6234, -6267, -6548, -6689, -6841, -7089, -7043, -6953, -7130, -7205, -7332, -7447, -7666, -7939, -7865, -7681, -7629, -7411, -7236, -6968, -6665, -6731, -6832, -6957, -7079, -7258, -7168, -6832, -6465, -6064, -5674, -5363, -5184, -4895, -4510, -4287, -4118, -4047, -3893, -3593, -3189, -2764, -2258, -1895, -1570, -1027, -391, ;


Frequency: 130, Amplitude pozitiv: 4709, Amplitude negativ: 5171, .-<<||||   132, 490, 795, 1110, 1314, 1929, 2617, 3161, 3461, 3765, 4140, 4657, 5197, 5511, 6068, 6435, 7015, 7655, 8286, 8854, 9221, 9559, 9901, 10608, 11191, 11345, 10692, 9656, 8711, 8100, 8269, 8891, 9087, 8758, 7902, 7118, 6784, 6965, 7266, 7327, 6974, 6509, 5948, 5513, 5279, 4295, 3112, 2080, 1229, 1060, 1892, 2780, 2927, 2914, 2904, 2572, 2502, 2864, 3158, 3294, 3396, 3482, 3616, 4002, 4359, 4588, 4614, 4296, 3767, 3078, 2590, 2153, 1733, 1616, 1731, 1586, 1497, 1213, 1093, 1007, 696, 276, -422, -1039, -1487, -1678, -1976, -2470, -2951, -3731, -4493, -5055, -5430, -5395, -5128, -4959, -4814, -4654, -4618, -4580, -4460, -4644, -5194, -5592, -5834, -5846, -5577, -5259, -5007, -4994, -5300, -5413, -5481, -5621, -5804, -6167, -6354, -6548, -6355, -6021, -5720, -5657, -5807, -6065, -6368, -6614, -6767, -6992, -7235, -7180, -7104, -7120, -7065, -7024, -7208, -7390, -7666, -7743, -7523, -7382, -7359, -7351, -7413, -7481, -7471, -7346, -7098, -6991, -6728, -6345, -6069, -5779, -5409, -5149, -4856, -4797, -4618, -4310, -3911, -3501, -3138, -2967, -2740, -2428, -2015, -1417, -841, -304, -82, ;


Frequency: 132, Amplitude pozitiv: 4794, Amplitude negativ: 5021, .-<<||||   158, 549, 1041, 1719, 2359, 2782, 3179, 3247, 3459, 3809, 4139, 4716, 5138, 5574, 6175, 6695, 7374, 7850, 8211, 8565, 8949, 9419, 9956, 10673, 10856, 10196, 9123, 8159, 7664, 7768, 8270, 8540, 8297, 7707, 6954, 6831, 7175, 7348, 7104, 6684, 6383, 6023, 5863, 5676, 4922, 3618, 2519, 1812, 1819, 2557, 3129, 3439, 3229, 2992, 3041, 3244, 3577, 3716, 3900, 4003, 4049, 4101, 4532, 4965, 4954, 4986, 4657, 4111, 3573, 3112, 2508, 2264, 2246, 2086, 2016, 2114, 1821, 1629, 1444, 1054, 757, 255, -326, -842, -1119, -1415, -1742, -2221, -2864, -3715, -4321, -4512, -4507, -4532, -4559, -4607, -4381, -3932, -3822, -3972, -4195, -4514, -4840, -5110, -5204, -5168, -5128, -4915, -4941, -4885, -5001, -5292, -5737, -6094, -6258, -6380, -6153, -5912, -5654, -5542, -5444, -5538, -5857, -6269, -6388, -6513, -6787, -7026, -7153, -7079, -6906, -6700, -6879, -6966, -7185, -7497, -7744, -7732, -7612, -7668, -7609, -7437, -7328, -7196, -6989, -6924, -6751, -6518, -6371, -6088, -5747, -5388, -5062, -4929, -4571, -4265, -3865, -3437, -3094, -2684, -2308, -1844, -1586, -1255, -888, -404, ;


Frequency: 128, Amplitude pozitiv: 4841, Amplitude negativ: 5113, .-<<||||   43, 562, 1082, 1652, 2054, 2702, 3101, 3472, 3721, 3938, 4221, 4521, 4910, 5305, 5736, 6226, 6750, 7220, 7857, 8411, 8817, 9071, 9345, 9701, 10123, 10644, 10794, 10405, 9594, 8765, 8387, 8507, 8917, 9106, 8912, 8308, 7754, 7502, 7477, 7494, 7271, 7007, 6657, 6323, 6238, 5851, 5084, 4008, 3100, 2448, 2268, 2529, 2951, 3145, 3071, 2931, 2913, 2971, 3028, 3086, 3232, 3445, 3595, 3662, 3851, 4012, 4058, 4076, 3911, 3467, 2978, 2510, 1991, 1773, 1632, 1645, 1702, 1500, 1204, 890, 485, 192, 37, -283, -853, -1272, -1648, -1908, -2350, -2758, -3293, -4046, -4500, -4876, -4917, -5028, -4891, -4664, -4393, -3968, -3789, -3655, -3929, -4427, -5022, -5359, -5451, -5464, -5380, -5088, -5023, -5119, -5122, -5227, -5543, -5765, -5929, -5993, -5910, -5813, -5800, -5850, -5964, -6304, -6361, -6424, -6711, -7016, -7198, -7206, -7294, -7099, -7076, -7107, -7379, -7562, -7838, -8008, -8066, -8212, -7995, -7789, -7493, -7404, -7302, -7290, -7338, -7466, -7422, -7183, -7010, -6589, -6131, -5718, -5365, -5069, -4771, -4527, -4219, -3922, -3467, -3236, -3004, -2892, -2671, -2379, -2076, -1547, -1040, -507, -10, ;


Frequency: 132, Amplitude pozitiv: 4838, Amplitude negativ: 4909, .-<<||||   301, 688, 1202, 1574, 2048, 2369, 2711, 2965, 3181, 3536, 4023, 4583, 5065, 5666, 6293, 6891, 7401, 7746, 8046, 8307, 8560, 8899, 9264, 9752, 10115, 10285, 10315, 9998, 9511, 9170, 8943, 9010, 9298, 9121, 8716, 8158, 7504, 7246, 7088, 7248, 7140, 6905, 6624, 6124, 5807, 5329, 4749, 4024, 3354, 2923, 2795, 3157, 3344, 3622, 3539, 3302, 3023, 2895, 2803, 2862, 3154, 3103, 2981, 2980, 3076, 3161, 3311, 3410, 3049, 2630, 2387, 1730, 1207, 994, 833, 635, 577, 421, 274, 37, -344, -705, -1147, -1473, -1912, -2110, -2285, -2632, -3098, -3668, -4060, -4445, -4813, -5029, -5160, -5323, -5154, -4904, -4719, -4783, -5029, -5318, -5597, -5657, -5740, -5831, -5778, -5734, -5727, -5640, -5564, -5637, -5785, -5979, -6060, -6060, -5977, -5878, -5915, -5880, -6067, -6183, -6242, -6227, -6299, -6315, -6238, -6331, -6380, -6498, -6508, -6496, -6581, -6727, -7121, -7324, -7402, -7376, -7270, -6951, -6783, -6775, -6688, -6763, -6621, -6347, -6230, -5924, -5731, -5511, -5177, -4821, -4438, -4086, -3765, -3386, -3075, -2661, -2453, -2319, -2069, -1817, -1556, -1142, -718, -266, ;


Frequency: 130, Amplitude pozitiv: 4986, Amplitude negativ: 4940, .-<<||||   94, 513, 881, 1221, 1456, 1647, 2195, 2578, 2926, 3286, 3607, 4036, 4340, 4791, 5141, 5538, 6007, 6223, 6689, 6964, 7233, 7518, 7832, 8086, 8606, 8945, 9423, 10018, 10275, 10480, 10408, 10320, 9916, 9273, 8734, 8641, 8576, 8654, 8636, 8363, 8005, 7531, 7118, 6868, 6738, 6745, 6696, 6455, 6146, 5516, 4992, 4534, 4213, 3958, 3627, 3432, 3547, 3764, 3918, 3764, 3614, 3389, 3061, 2862, 2920, 3141, 3197, 3261, 3310, 3540, 3647, 3484, 3277, 2937, 2522, 2061, 1492, 1114, 938, 802, 730, 646, 334, -54, -476, -794, -942, -1126, -1572, -1931, -2312, -2758, -3108, -3436, -3820, -4245, -4581, -4864, -5003, -5066, -5125, -5369, -5699, -5702, -5866, -6079, -6294, -6463, -6498, -6618, -6602, -6596, -6501, -6461, -6456, -6264, -6203, -6212, -6294, -6358, -6361, -6569, -6526, -6593, -6611, -6562, -6620, -6726, -6650, -6729, -6739, -6771, -6734, -6820, -6898, -6870, -6818, -6836, -6968, -6946, -6875, -6743, -6646, -6622, -6599, -6500, -6552, -6305, -5985, -5811, -5671, -5389, -4970, -4748, -4553, -4267, -4004, -3628, -3327, -3035, -2733, -2263, -1895, -1590, -1455, -1195, -845, -510, -52, ;


Frequency: 127, Amplitude pozitiv: 4961, Amplitude negativ: 4841, .-<<||||   200, 441, 750, 1035, 1278, 1682, 2046, 2588, 3069, 3549, 4035, 4321, 4547, 4871, 5202, 5426, 5814, 6111, 6445, 6772, 7294, 7522, 7815, 8095, 8328, 8814, 9013, 9303, 9594, 9729, 9824, 9783, 9731, 9911, 9841, 9591, 9275, 8807, 8578, 8483, 8508, 8409, 8077, 7564, 7047, 6580, 6344, 6277, 6134, 6070, 5827, 5492, 5265, 4931, 4484, 4184, 3892, 3599, 3372, 3334, 3235, 3094, 2930, 2674, 2409, 2147, 2184, 2217, 2297, 2427, 2498, 2511, 2373, 2409, 2502, 2393, 2109, 1762, 1240, 795, 411, 177, 72, -120, -315, -649, -871, -1178, -1466, -1654, -1914, -2259, -2571, -2932, -3248, -3510, -3770, -4020, -4235, -4446, -4686, -4935, -5365, -5709, -5912, -6290, -6466, -6409, -6514, -6632, -6736, -6617, -6584, -6540, -6555, -6645, -6646, -6702, -6647, -6607, -6632, -6705, -6644, -6726, -6975, -7044, -7095, -7199, -7280, -7311, -7236, -7231, -7079, -6922, -6912, -6854, -6958, -7050, -6955, -6877, -6638, -6560, -6376, -6398, -6468, -6530, -6559, -6424, -6300, -6081, -5905, -5654, -5457, -5137, -4765, -4682, -4450, -4353, -4077, -3621, -3158, -2713, -2336, -2107, -1974, -1715, -1544, -1195, -947, -788, -484, -246, -53, ;


Frequency: 132, Amplitude pozitiv: 5335, Amplitude negativ: 4875, .-<<||||   496, 879, 1255, 1721, 2293, 2730, 3110, 3444, 3735, 4194, 4377, 4616, 4968, 5274, 5599, 6136, 6525, 6893, 7209, 7412, 7831, 8054, 8441, 8806, 8963, 9126, 9122, 9230, 9468, 9673, 9729, 9943, 10063, 10247, 10419, 10307, 10073, 9603, 9024, 8758, 8511, 8334, 8213, 8007, 7712, 7334, 7003, 6801, 6564, 6303, 6228, 5964, 5594, 5343, 5158, 4807, 4502, 4049, 3519, 3278, 2895, 2678, 2565, 2520, 2431, 2357, 2180, 1879, 1782, 1626, 1558, 1539, 1433, 1288, 1136, 1146, 1067, 829, 681, 265, -256, -698, -925, -1096, -1332, -1476, -1772, -2136, -2438, -2721, -3200, -3456, -3599, -3807, -3934, -4190, -4512, -4986, -5362, -5725, -5949, -6178, -6614, -6821, -6952, -6973, -6960, -6898, -6936, -7103, -7298, -7327, -7288, -7335, -7436, -7458, -7579, -7484, -7358, -7100, -6985, -6981, -6800, -6952, -6896, -6886, -6937, -6743, -6816, -6683, -6499, -6508, -6564, -6525, -6327, -6191, -6031, -5818, -5746, -5700, -5591, -5532, -5508, -5497, -5356, -5190, -4965, -4892, -4525, -4357, -4161, -3777, -3813, -3550, -3373, -3248, -2913, -2734, -2357, -2139, -1889, -1595, -1333, -936, -570, -270, ;


Frequency: 128, Amplitude pozitiv: 5110, Amplitude negativ: 5045, .-<<||||   14, 319, 521, 765, 890, 1175, 1533, 1737, 1892, 2147, 2488, 2879, 3261, 3591, 3739, 4237, 4545, 4832, 5232, 5586, 5821, 5966, 6271, 6542, 7055, 7308, 7595, 7904, 8189, 8343, 8449, 8537, 8544, 8654, 8681, 8896, 9049, 9157, 9324, 9507, 9631, 9801, 9698, 9632, 9523, 9387, 9153, 8790, 8671, 8349, 8124, 7835, 7621, 7439, 7102, 6695, 6364, 6172, 6072, 5883, 5614, 5423, 5202, 4826, 4530, 4235, 3951, 3775, 3470, 3181, 2950, 2552, 2364, 2124, 1837, 1641, 1444, 1354, 1245, 933, 801, 813, 679, 569, 570, 340, -72, -253, -547, -869, -1282, -1882, -2285, -2616, -2952, -3192, -3399, -3569, -3890, -4273, -4558, -4781, -5319, -5857, -6242, -6398, -6516, -6823, -7048, -7252, -7473, -7758, -7835, -8100, -8234, -8319, -8389, -8307, -8202, -8265, -8356, -8269, -8279, -8229, -8232, -8321, -8229, -8053, -7817, -7720, -7514, -7307, -7253, -7267, -7221, -7049, -6972, -6823, -6761, -6414, -6100, -5921, -5791, -5639, -5525, -5522, -5348, -5299, -5103, -4938, -4766, -4484, -4109, -3849, -3573, -3423, -3215, -3121, -2789, -2501, -2377, -2069, -1929, -1712, -1356, -1197, -930, -574, -479, -275, -94, ;


Frequency: 130, Amplitude pozitiv: 4983, Amplitude negativ: 5122, .-<<||||   288, 665, 1067, 1350, 1571, 1813, 2083, 2367, 2646, 2864, 3122, 3475, 3777, 4136, 4393, 4588, 4891, 5187, 5571, 5756, 5948, 6243, 6588, 6823, 7203, 7491, 7676, 7951, 8090, 8397, 8508, 8536, 8580, 8738, 8672, 8664, 8783, 8880, 8694, 8674, 8813, 8648, 8500, 8314, 8201, 8202, 8109, 7942, 7763, 7565, 7323, 7040, 6586, 6104, 5749, 5372, 5143, 4934, 4797, 4602, 4469, 4335, 4123, 4069, 3824, 3674, 3319, 3274, 3215, 2975, 3058, 3006, 2748, 2588, 2480, 2317, 2292, 2175, 2013, 1873, 1679, 1408, 1146, 1035, 779, 279, -118, -437, -887, -1241, -1637, -1888, -2239, -2554, -2894, -3233, -3593, -4042, -4335, -4705, -4977, -5175, -5466, -5612, -5658, -5938, -6122, -6250, -6487, -6736, -6936, -7252, -7365, -7387, -7522, -7489, -7612, -7731, -7780, -7747, -7707, -7989, -8045, -7977, -7886, -7813, -7812, -7678, -7710, -7654, -7573, -7455, -7404, -7351, -7189, -7016, -6791, -6789, -6619, -6407, -6350, -6335, -6060, -5934, -5926, -5844, -5697, -5458, -5245, -4996, -4933, -4727, -4580, -4375, -4109, -3836, -3578, -3328, -3100, -2776, -2278, -2121, -1858, -1690, -1580, -1241, -704, -422, -204, ;


Frequency: 128, Amplitude pozitiv: 5133, Amplitude negativ: 4694, .-<<||||   149, 503, 736, 1109, 1299, 1466, 1737, 2006, 2467, 2808, 3099, 3420, 3729, 4022, 4420, 4733, 5054, 5255, 5547, 5849, 6241, 6523, 6785, 7079, 7269, 7463, 7756, 8084, 8348, 8551, 8542, 8704, 8789, 8937, 9170, 9109, 9090, 9034, 8990, 8886, 8840, 8898, 8888, 8750, 8588, 8577, 8475, 8381, 8203, 7932, 7543, 7144, 6884, 6682, 6523, 6330, 6144, 5971, 5776, 5528, 5374, 5216, 4907, 4572, 4281, 4140, 4037, 3798, 3528, 3334, 3030, 2892, 2791, 2679, 2654, 2521, 2266, 2054, 1857, 1636, 1415, 1348, 1159, 972, 719, 483, 128, -243, -480, -818, -896, -1236, -1623, -1942, -2214, -2658, -3062, -3240, -3604, -3899, -4190, -4547, -4774, -4861, -5211, -5305, -5551, -5653, -5851, -6014, -6190, -6397, -6696, -6884, -6987, -6980, -6878, -7054, -7130, -7174, -7213, -7289, -7372, -7334, -7364, -7485, -7430, -7463, -7382, -7324, -7381, -7438, -7381, -7273, -7037, -6903, -6641, -6541, -6420, -6147, -6130, -5772, -5719, -5558, -5490, -5298, -5072, -5092, -4822, -4728, -4608, -4537, -4394, -4343, -4057, -3832, -3540, -3536, -3261, -3056, -2929, -2671, -2405, -1974, -1731, -1454, -1146, -864, -736, -542, -564, -107, ;


Frequency: 128, Amplitude pozitiv: 5093, Amplitude negativ: 4748, .-<<||||   184, 331, 669, 967, 1379, 1662, 2074, 2418, 2688, 3165, 3407, 3713, 4083, 4387, 4670, 4903, 5236, 5591, 5832, 6149, 6557, 6785, 7054, 7240, 7431, 7581, 7660, 7829, 8142, 8220, 8332, 8484, 8498, 8440, 8531, 8589, 8766, 8683, 8692, 8656, 8554, 8551, 8461, 8420, 8099, 8079, 7809, 7562, 7180, 7132, 6882, 6638, 6515, 6347, 6182, 5949, 5879, 5642, 5424, 5032, 4881, 4564, 4375, 4107, 3844, 3651, 3552, 3429, 3286, 3187, 2815, 2496, 2376, 2228, 2020, 1868, 1447, 1151, 1076, 1034, 711, 400, 209, -72, -318, -526, -758, -1050, -1509, -1875, -2107, -2369, -2605, -3010, -3378, -3645, -3947, -4101, -4371, -4649, -4753, -4946, -5153, -5466, -5626, -5923, -6162, -6320, -6393, -6591, -6870, -6901, -7011, -7131, -7162, -7290, -7293, -7435, -7489, -7377, -7495, -7530, -7535, -7533, -7470, -7464, -7462, -7359, -7336, -7188, -7129, -6975, -6938, -6802, -6682, -6693, -6598, -6550, -6266, -6185, -6040, -5916, -5700, -5527, -5402, -5199, -5274, -5071, -5039, -4853, -4594, -4595, -4557, -4343, -3995, -3827, -3624, -3301, -2882, -2669, -2484, -2083, -1899, -1833, -1661, -1391, -1085, -984, -712, -411, -123, ;


Frequency: 130, Amplitude pozitiv: 4747, Amplitude negativ: 4539, .-<<||||   170, 400, 703, 982, 1383, 1770, 2158, 2436, 2644, 2946, 3283, 3571, 3792, 4103, 4314, 4794, 5097, 5323, 5527, 5716, 6167, 6298, 6522, 6727, 6902, 7024, 7199, 7380, 7507, 7577, 7584, 7751, 7870, 7951, 7949, 7906, 7911, 7954, 7841, 7764, 7707, 7708, 7647, 7487, 7459, 7352, 7021, 6849, 6788, 6749, 6546, 6330, 6051, 5890, 5790, 5602, 5541, 5355, 5201, 5094, 4821, 4553, 4488, 4158, 3996, 3741, 3551, 3374, 3216, 3043, 2700, 2558, 2327, 2111, 2026, 1888, 1614, 1417, 1195, 1140, 837, 578, 369, 64, -109, -422, -807, -1219, -1409, -1675, -1855, -2043, -2448, -2810, -2916, -3049, -3419, -3567, -3917, -4169, -4281, -4500, -4841, -4988, -5189, -5439, -5621, -5802, -5956, -6110, -6216, -6358, -6419, -6494, -6506, -6606, -6892, -6818, -6786, -6811, -6891, -6984, -7038, -7056, -6885, -6809, -6746, -6781, -6710, -6679, -6628, -6679, -6733, -6630, -6465, -6491, -6307, -6270, -6130, -5843, -5781, -5595, -5415, -5306, -5152, -5093, -5053, -4852, -4733, -4616, -4380, -4341, -4140, -3916, -3589, -3468, -3220, -2967, -2839, -2543, -2378, -2106, -1919, -1627, -1421, -1080, -622, -356, -90, ;


Frequency: 129, Amplitude pozitiv: 4977, Amplitude negativ: 4391, .-<<||||   299, 661, 995, 1265, 1396, 1802, 2172, 2409, 2647, 3020, 3381, 3688, 3928, 4207, 4540, 4628, 4987, 5259, 5497, 5806, 6140, 6406, 6578, 6826, 7037, 7040, 7295, 7396, 7400, 7499, 7619, 7749, 7774, 7945, 7892, 7800, 7837, 7834, 7923, 7842, 7886, 7857, 7842, 7839, 7811, 7627, 7518, 7439, 7415, 7310, 6995, 6858, 6618, 6279, 6120, 5950, 5766, 5700, 5654, 5524, 5380, 5164, 4932, 4766, 4600, 4502, 4230, 3996, 3736, 3507, 3203, 2914, 2718, 2523, 2259, 2023, 1828, 1609, 1652, 1425, 1178, 855, 440, 249, -63, -205, -408, -866, -1236, -1427, -1562, -1727, -1962, -2301, -2579, -2953, -3232, -3450, -3612, -3889, -4034, -4079, -4221, -4392, -4585, -4719, -5035, -5179, -5208, -5440, -5632, -5805, -6122, -6257, -6315, -6282, -6368, -6508, -6647, -6834, -6885, -6788, -6887, -6942, -6951, -6976, -6981, -6912, -6790, -6743, -6802, -6673, -6562, -6609, -6512, -6363, -6260, -6303, -6090, -6033, -5924, -5763, -5685, -5509, -5379, -5340, -5156, -4914, -4742, -4518, -4323, -4082, -4028, -3743, -3513, -3452, -3272, -3023, -2938, -2757, -2597, -2373, -2195, -2075, -1752, -1538, -1151, -899, -611, -258, ;


Frequency: 128, Amplitude pozitiv: 4410, Amplitude negativ: 4131, .-<<||||   25, 359, 659, 986, 1312, 1546, 1768, 2003, 2245, 2598, 2915, 3201, 3452, 3676, 3910, 4129, 4314, 4653, 4952, 5186, 5317, 5479, 5834, 5981, 6118, 6230, 6429, 6496, 6637, 6764, 6835, 6877, 6799, 7022, 6961, 7021, 7033, 7107, 7077, 7126, 7164, 7139, 7236, 7195, 7216, 7187, 6940, 6856, 6769, 6502, 6267, 6139, 6109, 5945, 5872, 5594, 5336, 5264, 5059, 4981, 4810, 4629, 4469, 4204, 4160, 3955, 3810, 3629, 3323, 3152, 2921, 2735, 2576, 2399, 2284, 2127, 1887, 1528, 1313, 1134, 929, 599, 321, 127, 61, -141, -222, -296, -711, -888, -1061, -1187, -1367, -1665, -1960, -2195, -2431, -2687, -2774, -2957, -3325, -3447, -3570, -3866, -3890, -4075, -4295, -4608, -4627, -4742, -5018, -5028, -5241, -5325, -5415, -5640, -5829, -6069, -6054, -6208, -6150, -6133, -6373, -6455, -6430, -6561, -6650, -6628, -6730, -6516, -6451, -6479, -6391, -6266, -6233, -6218, -6222, -6165, -6065, -6029, -5910, -5968, -5877, -5792, -5656, -5526, -5519, -5204, -4884, -4724, -4632, -4443, -4272, -4041, -3889, -3871, -3652, -3391, -3079, -2919, -2846, -2726, -2604, -2378, -2083, -1889, -1703, -1420, -1174, -861, -397, -175, ;


Frequency: 129, Amplitude pozitiv: 4181, Amplitude negativ: 3848, .-<<||||   75, 345, 622, 969, 1267, 1534, 1773, 1890, 2011, 2423, 2650, 2950, 3195, 3365, 3633, 3835, 4069, 4334, 4564, 4685, 4802, 5050, 5261, 5439, 5568, 5712, 5887, 6110, 6240, 6474, 6507, 6503, 6606, 6523, 6633, 6797, 6765, 6771, 6938, 6924, 6968, 7023, 6970, 6886, 6873, 6777, 6578, 6581, 6534, 6513, 6388, 6058, 5983, 5778, 5609, 5419, 5247, 5075, 5031, 4961, 4725, 4568, 4360, 4214, 3838, 3643, 3544, 3370, 3177, 2995, 2894, 2705, 2657, 2532, 2255, 1986, 1703, 1625, 1418, 1194, 979, 803, 624, 473, 259, 78, -141, -406, -569, -797, -1028, -1224, -1476, -1670, -1952, -2150, -2441, -2619, -2765, -3023, -3182, -3354, -3516, -3761, -3984, -4157, -4369, -4616, -4681, -4860, -4997, -5145, -5379, -5466, -5626, -5564, -5610, -5615, -5663, -5844, -5920, -6065, -6128, -6046, -6024, -6143, -6065, -6038, -6122, -6057, -5995, -5938, -5732, -5814, -5718, -5669, -5709, -5618, -5536, -5334, -5268, -5274, -5065, -4878, -4841, -4543, -4525, -4347, -4120, -4023, -3973, -3671, -3372, -3299, -3143, -2971, -2829, -2554, -2299, -2164, -1890, -1733, -1606, -1370, -1198, -1086, -772, -658, -449, -57, ;


Frequency: 126, Amplitude pozitiv: 3562, Amplitude negativ: 3702, .-<<||||   166, 263, 459, 728, 788, 1006, 1299, 1434, 1730, 1978, 2110, 2304, 2509, 2630, 2887, 3216, 3404, 3516, 3723, 3924, 4043, 4274, 4318, 4504, 4702, 4833, 4834, 4877, 5088, 4976, 5038, 5201, 5124, 5238, 5254, 5348, 5426, 5541, 5539, 5651, 5639, 5610, 5719, 5621, 5628, 5384, 5371, 5368, 5279, 5260, 5160, 5173, 5113, 5147, 5034, 4970, 4853, 4637, 4575, 4557, 4287, 4195, 4152, 3912, 3941, 3827, 3693, 3601, 3373, 3121, 2991, 2671, 2393, 2126, 1931, 1729, 1420, 1163, 964, 886, 806, 642, 450, 342, 189, -88, -172, -228, -573, -664, -762, -1030, -1228, -1363, -1413, -1619, -1855, -1986, -2265, -2425, -2524, -2823, -3120, -3451, -3737, -3859, -3917, -4157, -4275, -4497, -4581, -4666, -4774, -4847, -5067, -5128, -5325, -5452, -5510, -5520, -5625, -5743, -5776, -5829, -5802, -5856, -5898, -5814, -5876, -5964, -5876, -5858, -5774, -5711, -5747, -5770, -5893, -5864, -5773, -5718, -5726, -5763, -5583, -5300, -5228, -5000, -4728, -4784, -4603, -4483, -4359, -4113, -4031, -3914, -3799, -3520, -3398, -3198, -3034, -2979, -2737, -2622, -2306, -2126, -1895, -1801, -1631, -1497, -1348, -986, -816, -562, -327, -222, ;


Frequency: 128, Amplitude pozitiv: 2891, Amplitude negativ: 3245, .-<<||||   80, 288, 377, 583, 620, 860, 1090, 1263, 1495, 1652, 1837, 2055, 2370, 2437, 2468, 2719, 2863, 3000, 3328, 3453, 3597, 3675, 3737, 3817, 3908, 4174, 4315, 4429, 4516, 4484, 4492, 4496, 4734, 4628, 4730, 4733, 4619, 4543, 4584, 4622, 4491, 4521, 4409, 4468, 4406, 4509, 4376, 4184, 4197, 4019, 3937, 4047, 4037, 3965, 3899, 3798, 3799, 3763, 3518, 3529, 3293, 3296, 3113, 2893, 3003, 2900, 2761, 2596, 2577, 2417, 2189, 2146, 2093, 1926, 1853, 1608, 1372, 1304, 1188, 956, 810, 564, 388, 292, 279, 165, 22, -35, -369, -403, -694, -949, -1132, -1385, -1501, -1821, -1873, -2062, -2248, -2346, -2577, -2610, -2777, -3027, -3303, -3518, -3683, -3851, -3939, -4079, -4109, -4198, -4290, -4321, -4492, -4629, -4699, -4815, -4893, -4925, -4991, -5048, -5190, -5178, -5193, -5212, -5136, -5132, -5046, -5016, -4870, -4771, -4858, -4935, -4874, -4825, -4798, -4684, -4538, -4508, -4407, -4271, -4214, -4214, -4053, -3881, -3855, -3801, -3689, -3444, -3405, -3225, -3152, -3044, -2853, -2715, -2546, -2383, -2247, -2043, -1852, -1684, -1443, -1381, -1272, -950, -894, -638, -396, -241, -57, ;


Frequency: 127, Amplitude pozitiv: 2555, Amplitude negativ: 2624, .-<<||||   51, 202, 333, 625, 670, 871, 1070, 1244, 1459, 1552, 1755, 1990, 2111, 2202, 2285, 2352, 2471, 2720, 2877, 2863, 2966, 3045, 3258, 3414, 3376, 3615, 3609, 3833, 4025, 3926, 4005, 4055, 4014, 4050, 4208, 4129, 4167, 4121, 4183, 4244, 4110, 4098, 4009, 3904, 3708, 3552, 3575, 3659, 3628, 3499, 3388, 3289, 3242, 3269, 3195, 3085, 2956, 2970, 2943, 2690, 2746, 2591, 2526, 2384, 2308, 2318, 2186, 2089, 1991, 1879, 1663, 1682, 1664, 1480, 1459, 1334, 1178, 931, 997, 829, 584, 505, 412, 252, -73, -69, -336, -413, -588, -730, -897, -1121, -1157, -1515, -1629, -1711, -1870, -1864, -1899, -2015, -2151, -2225, -2377, -2348, -2505, -2651, -2653, -2923, -3094, -3137, -3273, -3423, -3517, -3520, -3686, -3860, -3892, -3988, -4008, -3843, -3913, -3935, -3932, -3966, -4080, -4178, -4133, -4130, -4151, -4258, -4196, -4165, -4069, -4054, -4047, -4088, -3995, -3910, -3957, -3800, -3785, -3671, -3619, -3587, -3500, -3387, -3325, -3242, -3033, -2987, -2961, -3020, -2831, -2799, -2717, -2491, -2444, -2254, -2070, -1859, -1775, -1640, -1470, -1301, -1162, -1066, -926, -701, -676, -596, -424, -192, -178, ;


Frequency: 130, Amplitude pozitiv: 2102, Amplitude negativ: 2284, .-<<||||   132, 213, 329, 525, 712, 907, 948, 1163, 1148, 1277, 1386, 1487, 1595, 1568, 1671, 1900, 1973, 2095, 2313, 2401, 2455, 2545, 2620, 2654, 2737, 2806, 2966, 3028, 3116, 3187, 3227, 3165, 3137, 3174, 3139, 3273, 3340, 3397, 3318, 3204, 3148, 3107, 3135, 3075, 3131, 3042, 2947, 3000, 2986, 2994, 2914, 2751, 2719, 2736, 2640, 2649, 2612, 2552, 2485, 2434, 2368, 2248, 2236, 2082, 2013, 1784, 1679, 1562, 1567, 1436, 1358, 1373, 1133, 1034, 869, 708, 625, 435, 218, 182, 89, -56, -141, -295, -403, -506, -639, -744, -977, -1034, -1199, -1478, -1676, -1699, -1843, -1806, -1914, -2131, -2101, -2382, -2429, -2565, -2822, -2718, -2793, -2834, -2885, -3077, -3117, -3313, -3300, -3100, -3373, -3353, -3311, -3423, -3407, -3512, -3515, -3633, -3649, -3656, -3665, -3698, -3687, -3727, -3805, -3619, -3658, -3554, -3499, -3489, -3453, -3491, -3438, -3274, -3350, -3302, -3126, -3052, -2829, -2812, -2705, -2568, -2612, -2602, -2394, -2332, -2272, -2223, -2097, -2053, -1976, -1789, -1710, -1459, -1375, -1297, -1228, -1101, -1052, -850, -584, -476, -455, -341, -121, -6, -5, ;


Frequency: 132, Amplitude pozitiv: 1679, Amplitude negativ: 2023, .-<<||||   19, 166, 249, 356, 566, 738, 808, 879, 865, 942, 1121, 1322, 1320, 1333, 1454, 1468, 1603, 1856, 1930, 1920, 2020, 2034, 2045, 2105, 2148, 2255, 2366, 2427, 2358, 2450, 2492, 2492, 2513, 2523, 2352, 2475, 2629, 2523, 2570, 2582, 2587, 2546, 2424, 2522, 2540, 2488, 2474, 2421, 2529, 2405, 2380, 2469, 2404, 2421, 2307, 2253, 2193, 2283, 2284, 2106, 2025, 1955, 1889, 1938, 1815, 1694, 1634, 1560, 1622, 1590, 1561, 1436, 1356, 1299, 1137, 1171, 1042, 898, 1080, 861, 679, 656, 550, 531, 443, 335, 187, 125, 55, -46, -158, -436, -563, -579, -710, -765, -908, -1164, -1184, -1173, -1256, -1374, -1486, -1569, -1730, -1764, -1924, -1953, -2047, -2239, -2141, -2300, -2347, -2489, -2660, -2739, -2781, -2829, -2906, -2989, -3099, -3079, -3069, -2941, -3057, -3075, -3021, -3043, -2996, -3101, -3086, -3081, -3071, -2927, -2993, -2865, -2845, -2860, -2839, -2830, -2787, -2666, -2663, -2647, -2480, -2542, -2350, -2354, -2288, -2255, -2202, -1983, -1925, -1874, -1782, -1572, -1488, -1538, -1351, -1238, -1095, -1045, -818, -777, -669, -241, -134, ;


Frequency: 122, Amplitude pozitiv: 1633, Amplitude negativ: 1633, .-<<||||   7, 16, 56, 152, 290, 376, 451, 477, 532, 709, 797, 979, 1102, 1356, 1548, 1561, 1723, 1887, 2042, 2019, 2142, 2125, 2162, 2315, 2247, 2326, 2346, 2544, 2546, 2721, 2897, 2990, 2947, 2819, 2755, 2755, 2761, 2829, 2855, 2835, 2784, 2630, 2756, 2672, 2707, 2595, 2640, 2556, 2507, 2517, 2465, 2318, 2230, 2218, 2105, 2160, 2135, 2038, 1722, 1727, 1573, 1621, 1691, 1535, 1443, 1405, 1396, 1276, 1183, 1092, 916, 794, 742, 773, 679, 615, 519, 482, 463, 344, 314, 244, 125, 94, 33, -7, -216, -208, -257, -356, -385, -564, -581, -688, -775, -819, -924, -1025, -1085, -1062, -1247, -1377, -1440, -1420, -1468, -1619, -1671, -1639, -1843, -1782, -1795, -1923, -1963, -2117, -2135, -2211, -2342, -2364, -2383, -2427, -2338, -2377, -2409, -2419, -2515, -2408, -2263, -2376, -2544, -2592, -2526, -2643, -2617, -2581, -2575, -2628, -2436, -2350, -2322, -2399, -2420, -2392, -2431, -2417, -2484, -2303, -2410, -2270, -2198, -2290, -2187, -2090, -2045, -1921, -1806, -1694, -1672, -1819, -1639, -1729, -1642, -1476, -1596, -1489, -1392, -1295, -1293, -1060, -943, -875, -808, -767, -641, -562, -496, -448, -282, -202, -193, -80, ;


Frequency: 133, Amplitude pozitiv: 1381, Amplitude negativ: 1371, .-<<||||   48, 168, 238, 370, 483, 729, 806, 796, 1044, 989, 1082, 1198, 1293, 1321, 1334, 1517, 1496, 1590, 1678, 1723, 1736, 1809, 1933, 1804, 1729, 1777, 1851, 1947, 2069, 2015, 2057, 2106, 2076, 2216, 2171, 2224, 2225, 2228, 2217, 2302, 2229, 2228, 2070, 2008, 1974, 1980, 1966, 1826, 1756, 1765, 1775, 1766, 1734, 1686, 1707, 1547, 1526, 1482, 1247, 1268, 1197, 1088, 1029, 1034, 1002, 927, 822, 704, 628, 557, 408, 384, 282, 158, 169, 14, 42, -41, -66, -113, -186, -321, -421, -439, -442, -533, -807, -869, -956, -1053, -1153, -1346, -1325, -1407, -1510, -1571, -1663, -1617, -1669, -1703, -1665, -1907, -1940, -1927, -1892, -1886, -1920, -1892, -1955, -1899, -1954, -1952, -1984, -2001, -2066, -2093, -2152, -2145, -2152, -2178, -2083, -2127, -2093, -1989, -2057, -2039, -1975, -2034, -2098, -2091, -2079, -2079, -2052, -1931, -1865, -1803, -1812, -1782, -1799, -1659, -1537, -1511, -1413, -1394, -1258, -1294, -1133, -1089, -991, -1001, -967, -798, -733, -680, -579, -496, -463, -555, -484, -431, -527, -327, -388, -271, -190, ;


Frequency: 7350, Amplitude pozitiv: 3, Amplitude negativ: 87, .-<<||||   3, -26, -149, ;


Frequency: 133, Amplitude pozitiv: 1168, Amplitude negativ: 1336, .-<<||||   55, 80, 11, 77, 223, 218, 412, 419, 555, 731, 686, 789, 891, 1031, 1083, 1057, 1262, 1277, 1425, 1326, 1304, 1365, 1432, 1619, 1608, 1534, 1489, 1542, 1542, 1520, 1654, 1726, 1689, 1851, 1845, 1725, 1688, 1675, 1718, 1650, 1676, 1711, 1727, 1779, 1775, 1728, 1655, 1747, 1799, 1917, 1902, 1920, 1791, 1767, 1589, 1564, 1587, 1650, 1577, 1495, 1482, 1497, 1518, 1384, 1299, 1171, 1047, 928, 885, 796, 688, 646, 553, 560, 563, 605, 545, 434, 354, 228, 398, 235, 92, 92, -114, -151, -104, -74, -226, -195, -234, -367, -498, -600, -652, -722, -814, -862, -904, -1079, -1090, -1295, -1314, -1320, -1510, -1570, -1615, -1645, -1666, -1626, -1694, -1789, -1788, -1849, -2043, -2052, -2071, -2229, -2213, -2086, -2121, -2115, -2030, -2093, -2082, -2132, -2031, -1985, -2021, -1921, -1937, -1982, -1924, -1939, -1890, -1880, -1784, -1794, -1870, -1749, -1747, -1720, -1676, -1500, -1418, -1403, -1415, -1390, -1377, -1291, -1262, -1285, -1184, -1098, -984, -902, -897, -945, -950, -700, -585, -453, -355, -270, -102, ;


Frequency: 122, Amplitude pozitiv: 799, Amplitude negativ: 1052, .-<<||||   16, 79, 112, 297, 366, 469, 340, 430, 489, 541, 616, 641, 698, 647, 785, 818, 780, 813, 981, 940, 912, 964, 909, 890, 839, 884, 962, 1102, 1046, 1052, 1049, 1261, 1352, 1483, 1591, 1498, 1576, 1477, 1484, 1502, 1383, 1364, 1398, 1344, 1389, 1409, 1449, 1359, 1244, 1311, 1158, 1236, 1109, 1093, 1080, 972, 969, 926, 819, 787, 798, 647, 578, 542, 560, 665, 532, 486, 376, 373, 422, 380, 336, 422, 519, 392, 425, 489, 555, 533, 624, 603, 581, 580, 476, 444, 525, 473, 309, 190, 142, 131, -105, -161, -202, -298, -370, -407, -519, -481, -527, -540, -489, -659, -746, -758, -655, -660, -695, -723, -795, -850, -858, -943, -971, -1073, -996, -1133, -1181, -1231, -1343, -1454, -1611, -1564, -1664, -1626, -1630, -1694, -1794, -1772, -1777, -1738, -1756, -1827, -1822, -1704, -1702, -1634, -1617, -1690, -1602, -1644, -1572, -1604, -1644, -1666, -1619, -1569, -1565, -1631, -1491, -1530, -1498, -1261, -1370, -1254, -1264, -1074, -1036, -1067, -934, -946, -856, -875, -777, -679, -704, -583, -670, -657, -586, -560, -575, -530, -414, -384, -239, -158, -74, -49, ;


Frequency: 137, Amplitude pozitiv: 1128, Amplitude negativ: 827, .-<<||||   28, 97, 144, 329, 462, 582, 734, 813, 815, 934, 1122, 1142, 1221, 1017, 1204, 1370, 1302, 1413, 1317, 1261, 1357, 1387, 1428, 1369, 1369, 1502, 1404, 1479, 1430, 1413, 1413, 1522, 1606, 1598, 1730, 1709, 1707, 1671, 1773, 1815, 1680, 1645, 1671, 1603, 1700, 1667, 1647, 1662, 1500, 1615, 1588, 1502, 1478, 1411, 1468, 1350, 1489, 1409, 1305, 1241, 1043, 916, 981, 1112, 1012, 857, 886, 748, 648, 610, 647, 501, 429, 498, 166, 179, 77, 71, 145, 123, -13, -42, -108, -170, -151, -231, -225, -279, -303, -404, -340, -387, -552, -673, -752, -743, -826, -842, -1026, -1115, -1211, -1296, -1300, -1331, -1346, -1368, -1434, -1261, -1288, -1451, -1386, -1273, -1235, -1252, -1254, -1228, -1126, -1233, -1278, -1279, -1284, -1288, -1266, -1169, -1123, -1242, -1274, -1320, -1178, -1107, -1221, -1235, -1254, -1214, -1156, -1028, -919, -946, -842, -788, -757, -767, -624, -572, -541, -494, -482, -437, -382, -345, -388, -391, -392, -484, -508, -328, -122, -51, -113, -147, ;


Frequency: 121, Amplitude pozitiv: 750, Amplitude negativ: 906, .-<<||||   20, 130, 97, 100, 116, 219, 265, 343, 364, 387, 360, 466, 466, 426, 404, 352, 455, 549, 624, 536, 576, 598, 713, 611, 773, 640, 594, 636, 762, 881, 800, 754, 805, 876, 829, 979, 999, 1005, 973, 1028, 1096, 1095, 1138, 1182, 1092, 1197, 1218, 1171, 1260, 1325, 1317, 1319, 1283, 1234, 1204, 1205, 1173, 1184, 1159, 1095, 1155, 1061, 1111, 1099, 1100, 1085, 917, 892, 999, 1085, 972, 950, 973, 973, 1007, 859, 712, 828, 632, 699, 677, 554, 483, 423, 533, 586, 605, 527, 481, 445, 430, 308, 316, 118, 32, 1, -142, -129, -99, -184, -340, -528, -634, -636, -623, -670, -861, -833, -918, -924, -848, -893, -1022, -1062, -1107, -1002, -989, -1128, -1102, -1179, -1162, -1128, -1139, -1244, -1257, -1173, -1287, -1373, -1322, -1302, -1382, -1298, -1379, -1503, -1473, -1488, -1431, -1479, -1385, -1497, -1489, -1497, -1484, -1455, -1507, -1417, -1549, -1567, -1500, -1298, -1370, -1364, -1296, -1322, -1103, -1142, -1021, -930, -841, -857, -786, -608, -707, -601, -468, -453, -354, -312, -277, -131, -210, -254, -160, -280, -310, -260, -186, -218, -273, -179, -290, -89, ;


Frequency: 290, Amplitude pozitiv: 467, Amplitude negativ: 82, .-<<||||   99, 176, 147, 216, 298, 346, 364, 247, 438, 522, 484, 598, 462, 519, 638, 632, 661, 741, 831, 773, 750, 723, 680, 621, 719, 696, 693, 647, 681, 673, 597, 575, 557, 630, 489, 452, 394, 356, 434, 423, 382, 425, 404, 439, 506, 460, 537, 632, 615, 573, 605, 652, 700, 634, 622, 558, 508, 444, 446, 489, 520, 526, 450, 311, 265, 337, 180, 223, 107, 86, 89, 99, 118, 82, 43, -82, ;


Frequency: 5512, Amplitude pozitiv: 59, Amplitude negativ: 57, .-<<||||   67, 52, -93, -21, ;


Frequency: 262, Amplitude pozitiv: 66, Amplitude negativ: 668, .-<<||||   82, 91, 25, -90, -60, -134, -49, -1, -27, -156, -193, -108, -121, -134, -231, -255, -360, -418, -523, -483, -569, -583, -597, -758, -768, -883, -856, -855, -1070, -1008, -1056, -989, -1077, -1149, -1030, -1076, -1072, -1099, -968, -1024, -1035, -1030, -1138, -1074, -1105, -1084, -981, -1127, -1152, -1149, -1131, -1068, -1067, -1020, -1009, -1056, -937, -913, -967, -1006, -951, -920, -856, -811, -738, -778, -737, -652, -752, -533, -515, -556, -569, -508, -409, -291, -255, -193, -129, -34, -65, -4, -9, -25, ;


Frequency: 279, Amplitude pozitiv: 482, Amplitude negativ: 45, .-<<||||   59, 147, 237, 182, 285, 141, 246, 290, 303, 282, 204, 376, 536, 511, 553, 539, 565, 597, 594, 583, 577, 582, 569, 598, 653, 618, 653, 697, 736, 650, 678, 688, 641, 611, 593, 754, 863, 790, 744, 837, 769, 754, 611, 594, 695, 592, 636, 691, 637, 591, 493, 645, 548, 642, 623, 444, 518, 495, 495, 522, 373, 423, 417, 380, 389, 262, 316, 318, 327, 305, 280, 291, 203, 145, 198, 105, 88, 27, -45, ;


Frequency: 5512, Amplitude pozitiv: 65, Amplitude negativ: 39, .-<<||||   63, 68, -23, -55, ;


Frequency: 218, Amplitude pozitiv: 55, Amplitude negativ: 417, .-<<||||   44, 48, 77, 61, 100, 3, -77, -106, -134, -224, -93, -82, -205, -208, -102, -115, -219, -237, -303, -246, -296, -250, -226, -317, -471, -449, -334, -499, -445, -417, -428, -472, -353, -363, -529, -572, -554, -535, -563, -446, -416, -345, -471, -533, -511, -608, -557, -442, -312, -473, -443, -480, -442, -481, -583, -463, -526, -326, -348, -488, -552, -652, -653, -689, -773, -657, -618, -764, -622, -649, -639, -630, -580, -588, -628, -573, -572, -620, -598, -435, -506, -611, -512, -634, -493, -555, -462, -303, -271, -258, -416, -388, -366, -356, -217, -111, -116, -118, -137, -139, -67, ;


Frequency: 7350, Amplitude pozitiv: 23, Amplitude negativ: 72, .-<<||||   23, -26, -119, ;


Frequency: 380, Amplitude pozitiv: 418, Amplitude negativ: 14, .-<<||||   54, 36, 11, 67, 169, 145, 110, 83, 117, 220, 372, 423, 363, 385, 428, 518, 545, 449, 466, 599, 575, 627, 484, 547, 650, 593, 542, 542, 523, 646, 577, 628, 634, 486, 515, 606, 615, 559, 565, 575, 612, 548, 552, 603, 496, 501, 419, 268, 356, 334, 384, 311, 289, 363, 274, 272, 201, -14, ;


Frequency: 169, Amplitude pozitiv: 44, Amplitude negativ: 521, .-<<||||   44, -74, -184, -81, -144, -219, -201, -27, -75, -240, -339, -393, -263, -250, -332, -319, -350, -400, -403, -433, -547, -538, -557, -630, -634, -650, -664, -634, -675, -664, -571, -618, -685, -674, -712, -836, -699, -711, -749, -825, -803, -715, -869, -890, -890, -907, -897, -992, -888, -896, -958, -970, -1012, -973, -944, -887, -884, -831, -794, -760, -733, -781, -738, -772, -717, -613, -798, -868, -851, -894, -890, -863, -931, -896, -928, -881, -760, -752, -669, -659, -662, -597, -643, -643, -632, -502, -539, -505, -428, -443, -428, -409, -515, -369, -324, -331, -263, -366, -299, -232, -278, -240, -174, -273, -275, -331, -358, -309, -336, -246, -286, -300, -336, -374, -207, -236, -193, -216, -288, -247, -130, -123, -26, -20, -69, -77, -109, -114, -165, -48, ;


Frequency: 157, Amplitude pozitiv: 80, Amplitude negativ: 299, .-<<||||   3, 145, 141, 134, 3, 12, 80, 57, 83, 52, 156, 94, -58, -49, -12, -128, -50, -60, -18, -1, -17, -50, -110, -125, -66, -28, -141, -235, -119, -88, -164, -141, -255, -164, -163, -124, -123, -244, -150, -151, -41, -138, -148, -172, -150, -94, -115, -103, -204, -218, -105, -26, -63, -91, -213, -255, -278, -220, -159, -130, -211, -191, -80, -131, -114, -198, -337, -335, -305, -284, -416, -380, -418, -545, -410, -431, -452, -468, -516, -383, -501, -428, -372, -419, -352, -412, -438, -509, -446, -327, -375, -499, -403, -414, -523, -415, -430, -548, -603, -598, -562, -563, -492, -770, -682, -721, -666, -529, -678, -588, -602, -580, -682, -565, -622, -588, -518, -565, -544, -470, -512, -438, -318, -327, -429, -348, -234, -335, -222, -162, -208, -87, -152, -160, -243, -263, -171, -98, -93, -13, ;


Frequency: 310, Amplitude pozitiv: 229, Amplitude negativ: 15, .-<<||||   46, 45, 141, 172, 190, 150, 170, 104, 127, 153, 110, 224, 231, 237, 217, 234, 216, 199, 319, 259, 319, 485, 323, 305, 305, 268, 227, 381, 422, 416, 333, 307, 396, 335, 469, 403, 418, 486, 406, 284, 248, 317, 309, 334, 184, 117, 237, 175, 147, 214, 227, 122, 73, 131, 165, 144, 82, 15, 62, 80, 169, 184, 76, 197, 288, 299, 195, 154, 25, -26, -5, ;


Frequency: 202, Amplitude pozitiv: 49, Amplitude negativ: 185, .-<<||||   49, -18, -9, -107, -172, -107, -111, -30, -44, -19, -93, -131, -101, -63, -98, -170, -193, -166, -193, -173, -91, -85, -4, -133, -214, -319, -281, -241, -234, -221, -189, -276, -298, -195, -176, -244, -243, -211, -214, -174, -171, -190, -157, -249, -264, -189, -273, -354, -347, -191, -267, -264, -164, -163, -217, -185, -266, -300, -215, -196, -206, -185, -231, -263, -292, -74, -58, -214, -104, -178, -81, -87, -112, -164, -126, -164, -120, -234, -165, -38, -183, -235, -309, -325, -437, -272, -226, -325, -334, -319, -176, -225, -198, -184, -252, -297, -257, -215, -161, -106, -166, -231, -148, -152, -39, -152, -174, -77, -84, ;


Frequency: 11025, Amplitude pozitiv: 21, Amplitude negativ: 69, .-<<||||   21, -69, ;


Frequency: 4410, Amplitude pozitiv: 52, Amplitude negativ: 32, .-<<||||   35, 69, -30, -56, -10, ;


Frequency: 2205, Amplitude pozitiv: 33, Amplitude negativ: 23, .-<<||||   40, 43, 37, 34, 32, 73, 4, 10, 28, -23, ;


Frequency: 4410, Amplitude pozitiv: 58, Amplitude negativ: 74, .-<<||||   59, 57, -135, -78, -10, ;


Frequency: 11025, Amplitude pozitiv: 10, Amplitude negativ: 31, .-<<||||   10, -31, ;


Frequency: 7350, Amplitude pozitiv: 80, Amplitude negativ: 74, .-<<||||   80, -23, -126, ;


Frequency: 7350, Amplitude pozitiv: 10, Amplitude negativ: 67, .-<<||||   10, -119, -16, ;

