
Frequency: 170, Amplitude pozitiv: 455, Amplitude negativ: 438, .-<<||||   354, 290, 441, 318, 352, 504, 435, 684, 670, 698, 787, 750, 784, 636, 653, 676, 638, 731, 674, 644, 592, 609, 728, 746, 695, 773, 624, 503, 663, 604, 580, 654, 579, 441, 470, 477, 370, 253, 413, 413, 323, 357, 379, 278, 185, 217, 102, 25, 74, -34, -185, -206, -141, -159, -128, -210, -348, -373, -354, -439, -319, -392, -517, -511, -619, -520, -474, -527, -564, -476, -501, -658, -571, -571, -693, -633, -636, -685, -762, -555, -549, -596, -494, -501, -508, -569, -518, -593, -442, -512, -483, -457, -583, -627, -731, -589, -505, -541, -617, -529, -550, -541, -517, -358, -371, -373, -297, -302, -275, -213, -74, -214, -162, -186, -152, -82, 45, 37, 206, 199, 281, 215, 278, 388, 362, 394, 524, 469, ;


Frequency: 141, Amplitude pozitiv: 652, Amplitude negativ: 620, .-<<||||   469, 45, 37, 206, 199, 281, 215, 278, 388, 362, 394, 524, 469, 381, 513, 573, 670, 654, 660, 729, 794, 741, 758, 829, 762, 898, 909, 878, 854, 778, 853, 972, 985, 971, 883, 837, 981, 995, 1056, 1118, 921, 1002, 991, 1112, 1237, 1222, 1170, 1037, 1166, 1177, 1147, 1071, 1045, 834, 917, 896, 975, 1052, 885, 780, 734, 873, 775, 616, 581, 438, 438, 362, 174, 255, 214, 97, 33, -118, -67, -76, -85, -160, -260, -311, -335, -370, -360, -489, -523, -596, -733, -820, -705, -620, -738, -705, -679, -717, -753, -792, -860, -875, -793, -780, -815, -765, -696, -778, -733, -693, -760, -728, -917, -890, -867, -790, -847, -797, -752, -907, -891, -958, -928, -921, -864, -873, -980, -949, -946, -769, -759, -729, -784, -700, -650, -676, -538, -538, -469, -374, -275, -318, -315, -213, -140, -172, -143, -128, 115, 79, 89, 107, 256, 316, 378, 369, 466, 419, 341, 402, ;


Frequency: 124, Amplitude pozitiv: 1021, Amplitude negativ: 821, .-<<||||   402, 115, 79, 89, 107, 256, 316, 378, 369, 466, 419, 341, 402, 520, 517, 455, 566, 517, 643, 741, 818, 858, 944, 905, 859, 1003, 1042, 1135, 1155, 1271, 1368, 1409, 1373, 1461, 1588, 1486, 1637, 1728, 1656, 1707, 1775, 1830, 1902, 1860, 1890, 1920, 1877, 1850, 1867, 1839, 1942, 1984, 1872, 1784, 1781, 1739, 1736, 1502, 1322, 1371, 1117, 968, 841, 719, 618, 441, 123, -86, -257, -458, -379, -463, -570, -700, -813, -925, -951, -1076, -1268, -1344, -1459, -1653, -1555, -1521, -1543, -1488, -1488, -1339, -1297, -1181, -1197, -1333, -1232, -1245, -1189, -1111, -1257, -1211, -1031, -940, -944, -995, -1034, -877, -831, -986, -926, -804, -885, -1010, -997, -1056, -1090, -1005, -1046, -1065, -1120, -1156, -1120, -953, -1165, -1240, -1130, -1150, -989, -1032, -1006, -1075, -1011, -947, -1013, -931, -866, -985, -814, -749, -656, -547, -422, -349, -449, -356, -387, -331, -403, -407, -386, -225, -184, -131, -198, -341, -290, -392, -274, -285, -329, -369, -295, -286, -274, -171, -100, -49, -23, 171, 237, 328, 350, 428, 628, 583, 585, 712, 789, 1018, 1277, ;


Frequency: 130, Amplitude pozitiv: 1761, Amplitude negativ: 848, .-<<||||   1277, 171, 237, 328, 350, 428, 628, 583, 585, 712, 789, 1018, 1277, 1261, 1417, 1644, 1814, 1974, 2113, 2284, 2441, 2601, 2682, 2779, 2786, 2908, 3046, 3152, 3340, 3360, 3419, 3412, 3391, 3364, 3174, 3246, 2977, 2653, 2489, 2138, 1767, 1510, 1213, 1025, 1019, 802, 694, 682, 549, 238, -10, -269, -452, -705, -1015, -1187, -1485, -1520, -1522, -1555, -1478, -1437, -1444, -1166, -1207, -1290, -1198, -1129, -1247, -1228, -1245, -1162, -1035, -997, -1075, -1039, -801, -850, -826, -694, -689, -816, -781, -934, -981, -954, -1052, -1173, -1256, -1183, -1176, -1130, -1128, -1268, -1190, -1240, -1262, -1277, -1313, -1348, -1334, -1414, -1393, -1309, -1269, -1269, -1128, -917, -931, -943, -932, -820, -840, -702, -632, -631, -508, -453, -372, -362, -323, -276, -178, -158, -286, -210, -267, -336, -346, -453, -510, -621, -592, -628, -610, -586, -640, -711, -826, -706, -741, -726, -685, -734, -731, -748, -711, -742, -666, -678, -540, -428, -311, -274, -214, -62, -1, 470, 634, 859, 1070, 1426, 1604, 1746, 1852, 2044, 2387, 2524, 2861, ;


Frequency: 138, Amplitude pozitiv: 1621, Amplitude negativ: 1140, .-<<||||   2861, 470, 634, 859, 1070, 1426, 1604, 1746, 1852, 2044, 2387, 2524, 2861, 2890, 3012, 3334, 3508, 3741, 3773, 3952, 4035, 4206, 4333, 4292, 4079, 3863, 3524, 3204, 2955, 2615, 2365, 1979, 1870, 1719, 1732, 1804, 1640, 1694, 1369, 1121, 975, 540, 175, -174, -463, -649, -781, -748, -720, -715, -405, -184, 171, 349, 293, 441, 421, 279, 242, 37, 105, 168, 329, 407, 370, 450, 548, 543, 549, 476, 346, 227, 133, -81, -330, -474, -710, -744, -849, -841, -782, -946, -996, -1182, -1440, -1610, -1658, -1785, -1862, -1843, -1860, -2040, -2072, -2007, -2053, -1910, -1927, -1932, -1822, -1738, -1590, -1684, -1601, -1507, -1427, -1296, -1164, -1035, -1031, -1081, -1000, -912, -891, -879, -860, -879, -1007, -1119, -1153, -1078, -1149, -1090, -1108, -1211, -1197, -1109, -1115, -1241, -1245, -1292, -1377, -1370, -1367, -1463, -1505, -1349, -1319, -1332, -1254, -1094, -903, -899, -719, -610, -504, -247, -78, 261, 383, 467, 702, 842, 999, 1076, 1298, 1555, 1823, 2068, 2227, ;


Frequency: 131, Amplitude pozitiv: 1703, Amplitude negativ: 1313, .-<<||||   2227, 261, 383, 467, 702, 842, 999, 1076, 1298, 1555, 1823, 2068, 2227, 2419, 2555, 2776, 3137, 3390, 3548, 3714, 3801, 3985, 4215, 4312, 4354, 4366, 4273, 3996, 3641, 3164, 2872, 2554, 2206, 2016, 1795, 1956, 1828, 1779, 1882, 1828, 1645, 1523, 1211, 670, 351, -65, -458, -808, -927, -926, -794, -634, -203, -1, 443, 550, 627, 554, 635, 511, 443, 480, 399, 428, 550, 596, 617, 957, 1000, 980, 1020, 1010, 872, 842, 568, 174, 167, -30, -253, -568, -711, -646, -715, -594, -579, -530, -757, -1013, -1162, -1454, -1638, -1787, -1954, -2171, -2068, -2082, -2090, -2011, -2005, -1933, -1806, -1684, -1702, -1836, -1897, -1865, -1853, -1684, -1525, -1402, -1286, -1233, -1205, -1170, -1151, -1017, -996, -1157, -1107, -1278, -1448, -1571, -1609, -1667, -1772, -1721, -1625, -1648, -1609, -1555, -1537, -1576, -1625, -1731, -1815, -1917, -2111, -2154, -2173, -2086, -2055, -1973, -1864, -1731, -1573, -1448, -1457, -1303, -1133, -1070, -841, -660, -470, -343, -196, -86, 366, 548, 724, 1011, 1262, 1416, 1686, 1829, 1967, 2180, 2476, 2675, ;


Frequency: 132, Amplitude pozitiv: 1869, Amplitude negativ: 1527, .-<<||||   2675, 366, 548, 724, 1011, 1262, 1416, 1686, 1829, 1967, 2180, 2476, 2675, 2862, 3022, 3265, 3595, 3783, 3962, 4121, 4179, 4200, 3903, 3526, 3188, 2940, 2665, 2389, 2138, 1873, 1991, 2123, 2214, 2253, 2183, 2121, 1925, 1572, 1255, 912, 483, 115, -356, -419, -301, -110, -52, 523, 613, 947, 1224, 1388, 1373, 1368, 1306, 1209, 1095, 1062, 978, 1174, 1396, 1514, 1688, 1907, 2003, 2066, 2144, 2080, 1902, 1785, 1431, 1027, 569, 286, -44, -239, -188, -347, -260, -230, -432, -619, -848, -1229, -1398, -1553, -1934, -2076, -2220, -2417, -2414, -2514, -2482, -2380, -2223, -2119, -1975, -1889, -1947, -1989, -1973, -1887, -1794, -1523, -1429, -1640, -1645, -1528, -1496, -1496, -1363, -1319, -1306, -1393, -1404, -1533, -1785, -1794, -1940, -1999, -1947, -1817, -1717, -2114, -2001, -1920, -1894, -2008, -2321, -2134, -2268, -2495, -2422, -2516, -2533, -2614, -2648, -2526, -2231, -2107, -1992, -1540, -1869, -1636, -1242, -862, -715, -1028, -978, -973, -702, -519, -524, -601, -473, 429, 668, 856, 1011, 1261, 1689, 1988, 2149, 2214, 2269, 2515, 2756, ;


Frequency: 132, Amplitude pozitiv: 1922, Amplitude negativ: 1692, .-<<||||   2756, 429, 668, 856, 1011, 1261, 1689, 1988, 2149, 2214, 2269, 2515, 2756, 2889, 2959, 3241, 3537, 3967, 4254, 4374, 4428, 4324, 3976, 3596, 3170, 2741, 2531, 2212, 1988, 1856, 1674, 1817, 2125, 2141, 2059, 1897, 1855, 1566, 1089, 550, 36, -160, -296, -290, -320, -44, 451, 784, 1042, 1258, 1416, 1530, 1451, 1455, 1324, 1124, 1067, 1210, 1400, 1694, 1831, 1947, 1968, 2129, 2118, 2041, 2017, 1680, 1510, 1066, 762, 303, -163, -387, -582, -694, -738, -614, -659, -901, -923, -1180, -1531, -1716, -2041, -2164, -2487, -2679, -2712, -2853, -2786, -2680, -2534, -2450, -2412, -2263, -2173, -2128, -2044, -1975, -1837, -1699, -1621, -1561, -1431, -1577, -1496, -1366, -1306, -1355, -1375, -1304, -1311, -1472, -1530, -1530, -1655, -1625, -1774, -1784, -1818, -1957, -2025, -2129, -2069, -2274, -2377, -2400, -2566, -2702, -2736, -2783, -2789, -2821, -2906, -2901, -2756, -2649, -2469, -2310, -2384, -2103, -1990, -1944, -1769, -1634, -1452, -1321, -1190, -1101, -921, -741, -437, -292, -45, 491, 602, 752, 978, 1197, 1521, 1743, 1947, 2338, 2548, 2553, 3241, ;


Frequency: 133, Amplitude pozitiv: 1941, Amplitude negativ: 1589, .-<<||||   3241, 491, 602, 752, 978, 1197, 1521, 1743, 1947, 2338, 2548, 2553, 3241, 3623, 3755, 3631, 3929, 4568, 4620, 4295, 4235, 4358, 3716, 3251, 3000, 2870, 2555, 2099, 2104, 2063, 2163, 2338, 2318, 2200, 2031, 1951, 1721, 1138, 814, 348, -88, -400, -450, -287, -312, -144, 298, 625, 818, 1085, 1274, 1256, 1338, 1185, 1058, 1003, 1102, 1146, 1315, 1434, 1670, 1753, 1852, 2027, 1972, 1956, 1918, 1773, 1451, 1054, 798, 417, -11, -295, -295, -511, -511, -412, -445, -530, -760, -828, -1118, -1228, -1311, -1592, -2005, -2071, -2286, -2277, -2110, -2110, -1867, -1820, -1600, -1384, -1397, -1175, -1090, -1071, -957, -917, -915, -808, -749, -903, -845, -836, -792, -827, -806, -804, -864, -1078, -1287, -1390, -1580, -1706, -1964, -2053, -2184, -2447, -2520, -2514, -2689, -2747, -2853, -3104, -3205, -3363, -3494, -3540, -3553, -3599, -3557, -3345, -3248, -3072, -3021, -2886, -2636, -2593, -2444, -2256, -1978, -1756, -1592, -1318, -1025, -798, -543, -340, -221, 382, 446, 702, 804, 967, 1333, 1519, 1817, 2205, 2618, 2987, 3214, ;


Frequency: 130, Amplitude pozitiv: 2026, Amplitude negativ: 1749, .-<<||||   3214, 382, 446, 702, 804, 967, 1333, 1519, 1817, 2205, 2618, 2987, 3214, 3458, 3808, 4119, 4400, 4639, 4773, 4850, 4967, 4836, 4553, 4305, 3806, 3428, 3295, 3092, 2829, 2695, 2677, 2736, 2777, 2773, 2892, 2715, 2492, 2172, 1564, 995, 424, 12, -413, -559, -576, -479, -291, -69, 321, 506, 675, 861, 886, 879, 826, 771, 769, 744, 672, 934, 1071, 1301, 1526, 1603, 1676, 1718, 1595, 1513, 1460, 1181, 712, 371, 60, -424, -672, -772, -910, -859, -796, -838, -838, -930, -1069, -1383, -1530, -1745, -1989, -2054, -2132, -2398, -2425, -2352, -2217, -1963, -1882, -1706, -1669, -1512, -1321, -1265, -1232, -1157, -967, -758, -847, -1068, -993, -981, -959, -936, -1013, -1026, -1288, -1283, -1410, -1559, -1644, -1809, -1961, -2197, -2230, -2406, -2385, -2440, -2567, -2684, -2851, -2921, -3033, -3211, -3319, -3350, -3454, -3501, -3559, -3385, -3388, -3302, -3106, -3038, -2930, -2910, -2779, -2822, -2759, -2505, -2338, -2152, -1856, -1703, -1450, -1244, -1082, -682, -588, -288, -130, 230, 358, 552, 985, 1335, 1557, 1759, 2198, 2538, 2848, 3337, 3470, ;


Frequency: 129, Amplitude pozitiv: 2181, Amplitude negativ: 1823, .-<<||||   3470, 230, 358, 552, 985, 1335, 1557, 1759, 2198, 2538, 2848, 3337, 3470, 3785, 4033, 4285, 4600, 4846, 4827, 4696, 4318, 4016, 3736, 3389, 3134, 2915, 2647, 2580, 2515, 2562, 2849, 2891, 3058, 2966, 2727, 2305, 1827, 1281, 798, 400, 69, -206, -347, -145, 229, 408, 770, 960, 1133, 1260, 1318, 1463, 1430, 1188, 1058, 1078, 1132, 1306, 1694, 1957, 2123, 2179, 2213, 2271, 2223, 2169, 2024, 1694, 1269, 851, 517, 197, -56, -194, -321, -382, -275, -154, -285, -436, -590, -758, -1161, -1329, -1548, -1764, -1941, -2111, -2151, -2194, -2226, -2318, -1992, -1773, -1645, -1580, -1561, -1405, -1297, -1282, -1264, -1117, -1155, -1346, -1267, -1300, -1364, -1255, -1420, -1423, -1460, -1439, -1520, -1688, -1713, -1856, -1899, -2043, -2122, -2309, -2418, -2446, -2742, -2852, -3053, -3099, -3145, -3303, -3441, -3491, -3553, -3619, -3687, -3668, -3727, -3763, -3643, -3491, -3429, -3408, -3260, -3196, -3117, -2900, -2650, -2387, -2192, -1921, -1582, -1420, -1305, -1108, -947, -817, -619, -326, -130, -26, 557, 854, 1286, 1725, 2003, 2315, 2712, 3041, 3405, 3643, 3973, 4408, ;


Frequency: 132, Amplitude pozitiv: 2459, Amplitude negativ: 1877, .-<<||||   4408, 557, 854, 1286, 1725, 2003, 2315, 2712, 3041, 3405, 3643, 3973, 4408, 4675, 4902, 5167, 5259, 5409, 5417, 5138, 4850, 4473, 4247, 3945, 3602, 3449, 3443, 3290, 3419, 3617, 3578, 3632, 3477, 3192, 2862, 2415, 1859, 1393, 853, 543, 381, 314, 348, 531, 787, 1018, 1389, 1557, 1758, 1820, 1741, 1643, 1571, 1554, 1409, 1425, 1574, 1827, 2009, 2272, 2431, 2423, 2525, 2412, 2377, 2234, 2092, 1788, 1338, 906, 629, 398, 139, -146, -186, -226, -233, -110, -187, -261, -427, -672, -1011, -1217, -1489, -1632, -1950, -2099, -2238, -2423, -2337, -2364, -2261, -2085, -1879, -1776, -1752, -1669, -1600, -1551, -1545, -1643, -1583, -1506, -1521, -1623, -1600, -1637, -1656, -1633, -1614, -1567, -1739, -1759, -1817, -1919, -2086, -2284, -2378, -2540, -2691, -2682, -2733, -2782, -2766, -2952, -3052, -3041, -3104, -3113, -3116, -3237, -3329, -3323, -3325, -3367, -3247, -3091, -3012, -2984, -2862, -2764, -2669, -2356, -2150, -1755, -1461, -1356, -1156, -890, -747, -644, -439, -286, -77, 532, 697, 1094, 1470, 1844, 2122, 2541, 2937, 3211, 3640, 3814, 4093, ;


Frequency: 128, Amplitude pozitiv: 2528, Amplitude negativ: 2365, .-<<||||   4093, 532, 697, 1094, 1470, 1844, 2122, 2541, 2937, 3211, 3640, 3814, 4093, 4340, 4621, 4910, 5198, 5501, 5593, 5809, 5792, 5589, 5290, 4823, 4465, 4110, 3855, 3647, 3575, 3480, 3311, 3328, 3434, 3583, 3486, 3343, 3003, 2554, 2049, 1337, 1041, 631, 378, 263, 224, 384, 596, 976, 1305, 1577, 1808, 1974, 1955, 1937, 1909, 1843, 1745, 1565, 1692, 1970, 2183, 2543, 2729, 2792, 2972, 3104, 3147, 3017, 2908, 2662, 2294, 2009, 1698, 1300, 829, 465, 452, 541, 505, 468, 292, 38, -46, -321, -599, -841, -1090, -1383, -1639, -1811, -2009, -2098, -2215, -2132, -2163, -1955, -1878, -1798, -1683, -1743, -1647, -1622, -1496, -1426, -1503, -1694, -1704, -1723, -1761, -1879, -1889, -1913, -1880, -1895, -1976, -2095, -2278, -2444, -2483, -2482, -2658, -2807, -2911, -2874, -3012, -3210, -3394, -3560, -3642, -3754, -3861, -4071, -4047, -4129, -4090, -4139, -4258, -4142, -4152, -4248, -4160, -4074, -3985, -3915, -3868, -3499, -3111, -2750, -2494, -2357, -2136, -1878, -1738, -1574, -1332, -1263, -998, -684, -448, -76, 694, 1059, 1450, 1805, 2061, 2498, 2814, 3115, 3349, 3681, 4024, 4288, ;


Frequency: 130, Amplitude pozitiv: 2541, Amplitude negativ: 2366, .-<<||||   4288, 694, 1059, 1450, 1805, 2061, 2498, 2814, 3115, 3349, 3681, 4024, 4288, 4633, 4898, 5131, 5374, 5639, 5824, 5716, 5400, 4994, 4592, 4288, 4062, 3733, 3505, 3409, 3248, 3267, 3454, 3675, 3676, 3534, 3312, 2965, 2259, 1736, 1206, 766, 291, -1, 60, 256, 549, 978, 1184, 1350, 1580, 1628, 1669, 1664, 1641, 1541, 1476, 1362, 1425, 1631, 1841, 2118, 2324, 2414, 2445, 2317, 2293, 2175, 1863, 1701, 1346, 893, 501, 26, -221, -333, -480, -462, -447, -530, -535, -633, -870, -1182, -1495, -1784, -1986, -2219, -2429, -2504, -2813, -2832, -2735, -2526, -2433, -2315, -2167, -2079, -1944, -2059, -1955, -2010, -1848, -1758, -1727, -1677, -1781, -1796, -1753, -1678, -1795, -1788, -1702, -1697, -1775, -1871, -2058, -2272, -2377, -2529, -2666, -2849, -3057, -3066, -3132, -3322, -3483, -3648, -3762, -3979, -4181, -4201, -4328, -4529, -4511, -4599, -4665, -4635, -4449, -4366, -4334, -4302, -4182, -3901, -3720, -3475, -3202, -2734, -2581, -2420, -2180, -1880, -1764, -1498, -1421, -1237, -729, -493, -178, 501, 779, 1194, 1452, 1860, 2111, 2378, 2660, 3084, 3396, 3604, 3995, ;


Frequency: 131, Amplitude pozitiv: 2557, Amplitude negativ: 2316, .-<<||||   3995, 501, 779, 1194, 1452, 1860, 2111, 2378, 2660, 3084, 3396, 3604, 3995, 4328, 4741, 5029, 5352, 5560, 5605, 5671, 5579, 5228, 4938, 4616, 4241, 3966, 3683, 3504, 3425, 3426, 3624, 3924, 4109, 3924, 3653, 3325, 2880, 2244, 1673, 1179, 715, 435, 173, 277, 424, 864, 1215, 1497, 1785, 2057, 2159, 2180, 2005, 2134, 2014, 1811, 1735, 1819, 2166, 2243, 2606, 2866, 2868, 2860, 2825, 2747, 2740, 2621, 2390, 1994, 1562, 1212, 809, 648, 520, 109, -86, -27, -128, -104, -303, -626, -742, -985, -1127, -1388, -1634, -1850, -2043, -2198, -2314, -2418, -2483, -2427, -2321, -2118, -1956, -1849, -1798, -1774, -1626, -1575, -1559, -1456, -1495, -1506, -1591, -1742, -1740, -1835, -1902, -1850, -1871, -1943, -2111, -2140, -2322, -2493, -2557, -2763, -2961, -3135, -3277, -3353, -3552, -3755, -3933, -4010, -4029, -4051, -4202, -4354, -4222, -4297, -4453, -4404, -4309, -4186, -4165, -4075, -3972, -3828, -3706, -3306, -3045, -2710, -2332, -2025, -1738, -1653, -1397, -1165, -1027, -816, -736, -391, 260, 584, 757, 1163, 1479, 1816, 1961, 2355, 2841, 3150, 3480, 3661, ;


Frequency: 127, Amplitude pozitiv: 2660, Amplitude negativ: 2407, .-<<||||   3661, 260, 584, 757, 1163, 1479, 1816, 1961, 2355, 2841, 3150, 3480, 3661, 4026, 4338, 4592, 5084, 5215, 5397, 5679, 5935, 6137, 6039, 5918, 5577, 5125, 4806, 4592, 4340, 3884, 3780, 3698, 3744, 3810, 3912, 4108, 3891, 3693, 3363, 2927, 2280, 1789, 1286, 845, 477, 278, 352, 537, 784, 1197, 1475, 1544, 1852, 2065, 2174, 2288, 2062, 1903, 1780, 1758, 1952, 2103, 2269, 2283, 2566, 2898, 2775, 2745, 2800, 2723, 2696, 2577, 2250, 1870, 1394, 1051, 669, 376, 175, 7, -58, -150, -180, -293, -363, -651, -1039, -1282, -1473, -1718, -2054, -2196, -2415, -2669, -2744, -2615, -2567, -2479, -2202, -2095, -1992, -1779, -1661, -1668, -1426, -1356, -1299, -1277, -1463, -1517, -1506, -1661, -1640, -1628, -1656, -1698, -1747, -1826, -2017, -2303, -2621, -2727, -2988, -3144, -3402, -3692, -3769, -3814, -3981, -4105, -4232, -4359, -4413, -4495, -4524, -4557, -4587, -4704, -4788, -4659, -4615, -4363, -4221, -4318, -4121, -3970, -3656, -3273, -2987, -2638, -2328, -2038, -1668, -1510, -1461, -1181, -1023, -865, -547, -235, -34, 289, 616, 1026, 1390, 1818, 2195, 2445, 2790, 3043, 3428, 3869, 4136, ;


Frequency: 129, Amplitude pozitiv: 2720, Amplitude negativ: 2547, .-<<||||   4136, 289, 616, 1026, 1390, 1818, 2195, 2445, 2790, 3043, 3428, 3869, 4136, 4318, 4496, 4788, 5148, 5489, 5766, 5881, 6092, 6081, 5717, 5346, 5052, 4821, 4387, 4097, 3995, 3810, 3840, 3997, 4266, 4409, 4348, 4021, 3746, 3352, 2827, 2253, 1672, 1087, 607, 498, 483, 700, 890, 1045, 1428, 1812, 2050, 2347, 2339, 2278, 2161, 2088, 1969, 1836, 1870, 1864, 2136, 2269, 2525, 2534, 2588, 2572, 2421, 2498, 2266, 1986, 1722, 1370, 892, 373, 36, -201, -484, -734, -770, -674, -592, -718, -970, -1173, -1515, -1683, -1831, -2185, -2337, -2592, -2919, -3106, -3294, -3169, -3097, -3000, -2756, -2427, -2319, -2351, -2254, -2113, -2218, -2214, -1955, -1902, -1911, -2112, -2094, -2184, -2140, -2172, -2112, -2125, -2067, -2138, -2395, -2549, -2862, -3157, -3220, -3360, -3524, -3638, -3713, -3742, -3902, -4078, -4017, -4042, -4257, -4085, -4228, -4294, -4379, -4463, -4397, -4495, -4387, -4408, -4389, -4042, -3926, -3762, -3467, -3150, -2839, -2435, -2094, -1800, -1500, -1377, -1199, -1125, -851, -610, -401, -263, 165, 461, 823, 1083, 1441, 1828, 2237, 2552, 2922, 3196, 3496, 3750, ;


Frequency: 128, Amplitude pozitiv: 2847, Amplitude negativ: 2502, .-<<||||   3750, 165, 461, 823, 1083, 1441, 1828, 2237, 2552, 2922, 3196, 3496, 3750, 4050, 4256, 4607, 4884, 5260, 5631, 6022, 6189, 6267, 6390, 6020, 5610, 5197, 4856, 4519, 4145, 4061, 3918, 3899, 4002, 4252, 4559, 4481, 4387, 4188, 3854, 3222, 2638, 2021, 1442, 960, 745, 558, 536, 818, 1252, 1618, 1909, 2123, 2371, 2489, 2394, 2212, 2175, 2047, 1864, 1859, 1847, 1960, 2152, 2262, 2452, 2617, 2750, 2809, 2647, 2585, 2416, 2110, 1774, 1235, 811, 413, -41, -188, -512, -521, -529, -602, -658, -751, -887, -1341, -1636, -1982, -2195, -2349, -2472, -2759, -2993, -3048, -3052, -2971, -2791, -2466, -2338, -2231, -2248, -2216, -2047, -2082, -1880, -1717, -1772, -1861, -2022, -2128, -2143, -2145, -1980, -1994, -2033, -2057, -2276, -2382, -2503, -2775, -3034, -3263, -3331, -3466, -3677, -3845, -4007, -4008, -3971, -4031, -4105, -4262, -4282, -4381, -4341, -4459, -4681, -4567, -4498, -4493, -4296, -4262, -4128, -4086, -3821, -3539, -3244, -2913, -2574, -2358, -2125, -1809, -1671, -1402, -1164, -908, -801, -514, -274, -16, 565, 866, 1078, 1397, 1736, 2120, 2499, 2747, 2964, 3365, 3762, 4142, ;


Frequency: 128, Amplitude pozitiv: 3118, Amplitude negativ: 2692, .-<<||||   4142, 565, 866, 1078, 1397, 1736, 2120, 2499, 2747, 2964, 3365, 3762, 4142, 4458, 4775, 5187, 5558, 5926, 6151, 6421, 6547, 6336, 5978, 5758, 5406, 5162, 4944, 4696, 4573, 4481, 4431, 4546, 4855, 5164, 5111, 4812, 4581, 4210, 3532, 2936, 2366, 1743, 1350, 1341, 1194, 1288, 1594, 1783, 2105, 2383, 2666, 2809, 2849, 2741, 2784, 2582, 2406, 2194, 2024, 2076, 2114, 2368, 2497, 2647, 2634, 2674, 2674, 2550, 2516, 2249, 1956, 1527, 1025, 613, 30, -333, -615, -642, -748, -821, -896, -982, -1149, -1453, -1682, -2006, -2192, -2514, -2816, -3079, -3185, -3379, -3542, -3349, -3236, -3041, -2839, -2771, -2682, -2556, -2659, -2617, -2491, -2401, -2330, -2302, -2345, -2366, -2458, -2431, -2323, -2174, -2189, -2113, -2253, -2451, -2425, -2675, -2821, -2938, -3263, -3375, -3441, -3549, -3626, -3823, -3851, -3878, -4016, -4201, -4299, -4438, -4481, -4477, -4500, -4660, -4808, -4800, -4762, -4638, -4469, -4338, -4105, -3904, -3703, -3421, -3103, -2786, -2481, -2265, -2058, -1730, -1471, -1340, -1124, -970, -735, -423, -265, -16, 484, 837, 1354, 1777, 2169, 2447, 2837, 3159, 3489, 3783, 4134, 4538, ;


Frequency: 129, Amplitude pozitiv: 2864, Amplitude negativ: 2827, .-<<||||   4538, 484, 837, 1354, 1777, 2169, 2447, 2837, 3159, 3489, 3783, 4134, 4538, 4765, 5186, 5483, 5865, 6049, 5989, 6035, 5685, 5325, 5100, 4706, 4320, 4249, 4034, 3926, 3869, 3867, 4204, 4471, 4445, 4258, 4134, 3696, 3196, 2451, 1925, 1348, 912, 693, 539, 627, 931, 1298, 1478, 1841, 2165, 2457, 2515, 2515, 2509, 2379, 2325, 2113, 1992, 2064, 2207, 2305, 2483, 2659, 2828, 2867, 2756, 2938, 2965, 2836, 2558, 2235, 1793, 1299, 913, 507, 176, 74, -60, -31, -86, -275, -436, -585, -865, -1143, -1449, -1798, -2008, -2191, -2486, -2654, -2783, -3030, -2958, -2950, -2824, -2544, -2540, -2471, -2505, -2541, -2445, -2485, -2362, -2276, -2347, -2448, -2407, -2505, -2509, -2533, -2551, -2606, -2740, -2896, -3140, -3217, -3286, -3449, -3687, -3858, -3988, -3989, -4189, -4346, -4558, -4532, -4558, -4672, -4764, -4940, -4969, -4991, -4980, -5047, -4970, -4968, -4838, -4667, -4643, -4650, -4566, -4449, -4187, -3894, -3480, -3184, -2792, -2381, -2093, -1722, -1435, -1360, -1170, -1004, -825, -669, -372, -81, 394, 784, 1240, 1656, 2167, 2417, 2793, 3185, 3483, 3785, 4014, 4296, ;


Frequency: 128, Amplitude pozitiv: 2920, Amplitude negativ: 2695, .-<<||||   4296, 394, 784, 1240, 1656, 2167, 2417, 2793, 3185, 3483, 3785, 4014, 4296, 4676, 4964, 5200, 5433, 5725, 6010, 6127, 6059, 5851, 5487, 5253, 4913, 4527, 4285, 4045, 3817, 3922, 4083, 4329, 4480, 4435, 4206, 4134, 3708, 3008, 2462, 1842, 1311, 765, 555, 453, 497, 632, 1005, 1386, 1703, 2133, 2443, 2477, 2648, 2674, 2590, 2506, 2351, 2339, 2440, 2648, 2620, 3057, 3241, 3197, 3187, 3165, 3265, 3148, 3090, 2822, 2582, 2193, 1755, 1278, 901, 523, 283, 139, 39, -102, -342, -463, -801, -1089, -1388, -1606, -1774, -1960, -2098, -2182, -2476, -2714, -2679, -2609, -2555, -2545, -2469, -2288, -2320, -2257, -2166, -2121, -1973, -1907, -1748, -1706, -1791, -1928, -1926, -1937, -1959, -1967, -2133, -2306, -2320, -2502, -2680, -2829, -3008, -3183, -3330, -3551, -3715, -3815, -3930, -4075, -4351, -4304, -4540, -4561, -4696, -4904, -4832, -4995, -4959, -4932, -4936, -4912, -4794, -4684, -4604, -4445, -4234, -4026, -3827, -3501, -3081, -2796, -2526, -2283, -2041, -1904, -1734, -1542, -1358, -1070, -842, -618, -274, -11, 637, 1113, 1441, 1733, 2213, 2549, 2929, 3231, 3526, 3923, 4407, 4550, ;


Frequency: 134, Amplitude pozitiv: 2975, Amplitude negativ: 2741, .-<<||||   4550, 637, 1113, 1441, 1733, 2213, 2549, 2929, 3231, 3526, 3923, 4407, 4550, 4742, 5038, 5528, 5762, 5890, 6117, 5902, 5373, 5159, 4908, 4531, 4267, 4072, 3864, 3645, 3762, 4020, 4415, 4615, 4534, 4377, 4374, 3965, 3127, 2548, 1854, 1324, 946, 628, 582, 629, 963, 1134, 1431, 1840, 2336, 2614, 2631, 2691, 2715, 2683, 2574, 2433, 2314, 2358, 2472, 2747, 2838, 3015, 3145, 2992, 3141, 3213, 3272, 3271, 3011, 2665, 2213, 1720, 1335, 1013, 683, 372, -11, -124, -164, -246, -516, -879, -1187, -1632, -2305, -2659, -2417, -2614, -3349, -3805, -4013, -3575, -3362, -3545, -3705, -3751, -3403, -3174, -3175, -2901, -2488, -2139, -1827, -1493, -1402, -1104, -1045, -1299, -1370, -1255, -1074, -1192, -1450, -1737, -1860, -1967, -2020, -2395, -2919, -3133, -3115, -3107, -3206, -3385, -3631, -4027, -4493, -4633, -4621, -4837, -5146, -5441, -5586, -5364, -5248, -5301, -5195, -5223, -4888, -4243, -3968, -3742, -3589, -3372, -2927, -2338, -1883, -1357, -1134, -942, -535, -205, 422, 890, 1036, 1373, 1802, 2286, 2844, 3147, 3544, 3893, 4469, 4992, ;


Frequency: 386, Amplitude pozitiv: 4794, Amplitude negativ: 2890, .-<<||||   4992, 422, 890, 1036, 1373, 1802, 2286, 2844, 3147, 3544, 3893, 4469, 4992, 5418, 5795, 6072, 6322, 6563, 7091, 7434, 7590, 7467, 7214, 6042, 3995, 1705, -511, -2538, -4068, -5139, -5874, -6302, -6231, -5438, -4077, -2614, -1538, -616, -186, 938, 797, 337, -171, -498, -444, 1935, 3382, 4370, 5463, 6713, 7976, 9052, 9461, 9155, 8357, 7518, 6721, ;


Frequency: 179, Amplitude pozitiv: 3664, Amplitude negativ: 2906, .-<<||||   6721, 1935, 3382, 4370, 5463, 6713, 7976, 9052, 9461, 9155, 8357, 7518, 6721, 6023, 5295, 4434, 3607, 3099, 3088, 3345, 3090, 2455, 1690, 1108, 475, -34, -582, -1485, -2442, -3156, -3395, -3123, -2484, -1907, -1336, -557, 1113, 1381, 926, 292, -291, -501, -408, -402, -508, -697, -575, -195, 1005, 1167, 1302, 1466, 1437, 1267, 693, -290, -1581, -2295, -2533, -2639, -2730, -2892, -3174, -3348, -3335, -3257, -3320, -3696, -4058, -4316, -4498, -4902, -5454, -5981, -6438, -6573, -6084, -5532, -5033, -4976, -5159, -5167, -5045, -4625, -4461, -4512, -4431, -4452, -4221, -3909, -3939, -3949, -3974, -3895, -3571, -3275, -3147, -3240, -3322, -3283, -2873, -2456, -2058, -1736, -1324, -1052, -706, -366, -340, -238, -269, 556, 1051, 1473, 1684, 2129, 2585, 3272, 4121, 4821, 5294, 5958, 6356, ;


Frequency: 136, Amplitude pozitiv: 3853, Amplitude negativ: 3348, .-<<||||   6356, 556, 1051, 1473, 1684, 2129, 2585, 3272, 4121, 4821, 5294, 5958, 6356, 6918, 7548, 8115, 8402, 8519, 8826, 9154, 9210, 8628, 6962, 3833, 463, -2667, -5352, -7395, -8719, -9446, -10003, -9370, -7443, -4898, -2464, -778, 727, 1271, 1961, 1799, 1301, 781, 873, 1747, 3508, 5883, 7918, 9216, 10020, 11217, 12073, 11865, 10746, 8804, 6464, 4529, 3073, 2210, 1246, 442, 407, 736, 1423, 1948, 1490, 144, -1536, -2980, -3940, -4754, -5550, -5872, -6168, -5845, -4468, -2792, -1134, 1617, 2928, 3724, 3891, 2997, 1541, 124, -715, -753, -571, -358, 631, 1373, 2295, 2846, 2775, 2306, 1649, 1107, 473, -330, -1384, -2451, -3118, -2963, -2219, -1594, -1182, -1092, -1401, -1779, -2096, -2567, -3145, -3889, -4328, -4178, -4045, -4027, -4356, -4502, -4485, -4028, -3195, -2683, -2686, -3198, -3785, -3971, -3940, -3939, -3792, -3582, -3251, -2824, -2436, -2594, -2629, -2751, -2930, -2839, -2753, -2786, -2893, -3175, -3294, -2968, -2235, -1385, -894, -503, -152, 772, 991, 1041, 1089, 1157, 1891, 2614, 3074, 3617, 3889, 4424, 4934, ;


Frequency: 441, Amplitude pozitiv: 4359, Amplitude negativ: 7549, .-<<||||   4934, 772, 991, 1041, 1089, 1157, 1891, 2614, 3074, 3617, 3889, 4424, 4934, 5613, 6196, 6366, 6659, 6957, 7277, 7585, 7658, 7621, 7544, 7131, 5190, 1915, -2143, -5817, -8899, -11083, -11979, -12222, -11830, -10535, -8238, -5342, -2246, -256, 1365, 1959, 2616, 2734, 2073, 1503, 1397, 2192, 4225, 7017, 9518, 10936, ;


Frequency: 177, Amplitude pozitiv: 3770, Amplitude negativ: 2717, .-<<||||   10936, 1365, 1959, 2616, 2734, 2073, 1503, 1397, 2192, 4225, 7017, 9518, 10936, 11432, 11853, 12089, 11554, 9952, 7567, 5078, 3092, 2030, 1303, 747, 243, 143, 459, 1289, 1921, 1720, 408, -1570, -3264, -4233, -4647, -4765, -4614, -4125, -3342, -1904, -124, 3023, 4256, 5076, 5385, 4787, 3211, 1209, -777, -1638, -1554, -1067, -200, 1420, 2113, 2732, 2890, 2399, 1412, 119, -624, -1299, -2048, -2605, -3075, -3187, -2824, -2005, -992, -343, -449, -1134, -1829, -2707, -3562, -4336, -5110, -5359, -5242, -5022, -4402, -4157, -4137, -4000, -3776, -3274, -2962, -2858, -3391, -3902, -4328, -4330, -3963, -3683, -3079, -2547, -2104, -1841, -1746, -1948, -2179, -2372, -2357, -2266, -2355, -2448, -2575, -2486, -2100, -1578, -960, -390, 746, 1040, 1530, 1705, 1868, 2084, 2558, 3255, 3945, 4478, 4934, 5404, ;


Frequency: 441, Amplitude pozitiv: 4635, Amplitude negativ: 9212, .-<<||||   5404, 746, 1040, 1530, 1705, 1868, 2084, 2558, 3255, 3945, 4478, 4934, 5404, 5881, 6519, 7085, 7529, 7692, 8236, 8427, 8755, 8987, 8868, 7693, 4628, 167, -4545, -8444, -11768, -13760, -14640, -14829, -14216, -12131, -8769, -5085, -2028, -339, 610, 1384, 2015, 1768, 1120, 776, 972, 2517, 5353, 8401, 10565, 11245, ;


Frequency: 180, Amplitude pozitiv: 3893, Amplitude negativ: 2419, .-<<||||   11245, 610, 1384, 2015, 1768, 1120, 776, 972, 2517, 5353, 8401, 10565, 11245, 11491, 11820, 11404, 10021, 7381, 4213, 1343, -522, -1138, -1043, -1082, -1196, -978, -618, 554, -379, -2386, -4467, -5533, -5949, -5879, -5414, -4601, -3639, -2049, 2264, 3949, 5017, 5682, 5884, 5620, 4320, 2340, -121, -1917, -2333, -1835, -852, 1348, 2263, 3087, 3699, 3917, 3167, 1767, 672, -75, -480, -1001, -1381, -1662, -1528, -696, 1153, 1445, 989, 195, -842, -1739, -2571, -3527, -4338, -4711, -4537, -4114, -3780, -3860, -3917, -4014, -3562, -3066, -2705, -2789, -3338, -3754, -3926, -3641, -3147, -2422, -2011, -1744, -1433, -1351, -1601, -1955, -2211, -2494, -2547, -2497, -2378, -2370, -2259, -2122, -1640, -943, -351, -2, 286, 453, 673, 988, 1335, 1801, 2438, 3130, 3995, 4869, 5491, 5914, ;


Frequency: 136, Amplitude pozitiv: 4338, Amplitude negativ: 3366, .-<<||||   5914, 286, 453, 673, 988, 1335, 1801, 2438, 3130, 3995, 4869, 5491, 5914, 6010, 6232, 6786, 7086, 7371, 7596, 8317, 8700, 9041, 9068, 8211, 5118, 45, -4878, -9080, -12097, -14043, -14873, -15074, -14171, -12085, -8529, -4368, -1205, 798, 951, 1577, 2506, 2276, 1412, 1157, 1557, 3187, 5831, 9001, 11202, 11738, 11503, 11465, 11037, 9512, 6665, 3130, 4, -1630, -2010, -1783, -1584, -1410, -1239, -1015, -353, -20, -1007, -3361, -5566, -6807, -6980, -6417, -5491, -4501, -3238, -1526, 2998, 4741, 5589, 5998, 5946, 5365, 3902, 1446, -1198, -3106, -3278, -2431, -1132, 1496, 2291, 2745, 2983, 2954, 2077, 938, -216, -854, -1106, -1049, -1048, -1091, -717, -14, 1619, 1810, 1087, -36, -1262, -2232, -2921, -3689, -4340, -4403, -3926, -3568, -3548, -3598, -3522, -3484, -3134, -2791, -2745, -2692, -2873, -3437, -3787, -3382, -2550, -1798, -1448, -1184, -777, -1141, -1681, -2320, -2744, -2836, -2976, -2606, -2249, -2326, -2320, -2280, -1960, -1130, -632, -201, -21, 400, 814, 1025, 1533, 2050, 2861, 3958, 5033, 5462, 5643, 5772, 5799, ;


Frequency: 136, Amplitude pozitiv: 4554, Amplitude negativ: 3380, .-<<||||   5799, 400, 814, 1025, 1533, 2050, 2861, 3958, 5033, 5462, 5643, 5772, 5799, 6171, 6587, 7043, 7561, 8149, 8647, 9176, 9453, 9387, 7610, 3254, -2561, -7607, -11424, -14257, -15758, -15889, -15079, -13533, -10436, -6135, -2147, 1284, 1191, 1446, 2308, 2779, 2139, 1474, 1447, 2330, 4314, 7370, 10419, 11856, 11764, 11170, 10373, 9037, 6814, 3507, 84, -2420, -3485, -3184, -2494, -2005, -1842, -1763, -1517, -1169, -1016, -2479, -5033, -7136, -8024, -8030, -7303, -5762, -4208, -2557, -551, 3959, 5441, 5816, 5760, 5035, 3882, 2363, 31, -2378, -3811, -3641, -2328, -472, 2569, 3080, 3138, 3144, 2737, 1603, 256, -866, -1432, -1362, -869, -425, -387, -178, 1154, 1569, 1332, 526, -623, -2011, -3186, -3968, -4434, -4659, -4695, -4425, -3972, -3428, -2998, -3113, -3012, -2805, -2542, -2185, -1822, -1718, -1792, -1906, -1796, -1313, -620, -143, -208, -782, -1370, -1831, -2175, -2385, -2390, -2178, -2084, -2035, -1770, -1587, -1260, -856, -780, -690, -591, -482, -312, -179, 861, 1511, 2506, 3443, 4372, 5195, 5744, 5944, 6106, 6407, 6698, 7085, ;


Frequency: 138, Amplitude pozitiv: 4894, Amplitude negativ: 3221, .-<<||||   7085, 861, 1511, 2506, 3443, 4372, 5195, 5744, 5944, 6106, 6407, 6698, 7085, 7426, 8176, 9057, 9821, 10374, 10487, 9876, 7357, 2409, -3419, -8279, -11992, -14619, -15789, -15651, -14630, -12840, -9614, -5218, -1290, 1701, 1495, 1930, 2852, 3090, 2544, 1987, 2160, 3123, 5566, 9186, 11987, 12936, 12489, 11621, 10511, 8830, 6037, 2549, -760, -2997, -3498, -2921, -2061, -1498, -1415, -1453, -1113, -626, -928, -2887, -5521, -7452, -8100, -7538, -6099, -4437, -3118, -1640, 2254, 3997, 5166, 5576, 5080, 4070, 3115, 1610, -682, -2535, -3436, -3119, -1665, 1956, 2690, 2912, 2843, 2513, 2043, 1419, 236, -664, -1023, -835, -306, -187, -293, -373, -160, 584, 255, -630, -1934, -3101, -3755, -3947, -4335, -4527, -4566, -4410, -3953, -3518, -3376, -3551, -3602, -3268, -2525, -1697, -999, -897, -1052, -1010, -662, -62, 468, -81, -1005, -1763, -2348, -2373, -2491, -2493, -2244, -2017, -1558, -1285, -1076, -1007, -732, -506, -372, -174, -252, -327, -118, 847, 1480, 2266, 3206, 4027, 4919, 5518, 6080, 6060, 5985, 6224, 6446, ;


Frequency: 136, Amplitude pozitiv: 5158, Amplitude negativ: 3477, .-<<||||   6446, 847, 1480, 2266, 3206, 4027, 4919, 5518, 6080, 6060, 5985, 6224, 6446, 6974, 7681, 8732, 9632, 10284, 10974, 11052, 10340, 7492, 2568, -3551, -8813, -12869, -15688, -16646, -16172, -14699, -12535, -8710, -3935, 2579, 2922, 2398, 2334, 3056, 3084, 2537, 2068, 2191, 3177, 5778, 9666, 12686, 13724, 13146, 12078, 10615, 8630, 5599, 1926, -1569, -3751, -4300, -3613, -2580, -1981, -1843, -1757, -1179, -627, -842, -2753, -5620, -7631, -8296, -7727, -6166, -4315, -2823, -1174, 2878, 4669, 5758, 5945, 5376, 4560, 3380, 1510, -796, -2850, -3582, -2980, -1507, 1907, 2651, 2805, 2681, 2435, 1875, 730, -496, -1387, -1308, -862, -306, -81, -133, -232, -58, 154, -461, -1503, -2900, -4111, -4609, -4946, -5123, -5359, -5182, -4442, -3776, -3255, -3219, -3597, -3824, -3692, -3083, -2060, -1565, -1619, -1692, -1451, -830, -176, 371, -213, -1093, -1906, -2558, -2992, -3373, -3327, -3259, -2869, -2579, -2217, -1871, -1692, -1511, -1021, -931, -964, -768, -625, -468, -66, 1043, 1947, 2994, 4118, 4820, 5500, 5725, 5648, 5649, 5810, 6291, 6735, ;


Frequency: 136, Amplitude pozitiv: 5527, Amplitude negativ: 3501, .-<<||||   6735, 1043, 1947, 2994, 4118, 4820, 5500, 5725, 5648, 5649, 5810, 6291, 6735, 7468, 8318, 9628, 10658, 11186, 11511, 11007, 9527, 5566, -440, -6425, -11198, -14857, -16962, -17133, -15741, -13825, -10998, -6720, -1868, 3671, 3607, 3055, 3040, 3281, 2801, 2097, 1848, 2393, 4119, 7482, 11430, 14126, 14446, 13258, 11544, 9484, 6801, 3401, -189, -3161, -4756, -4945, -4180, -3027, -2021, -1543, -1022, -318, -138, -1216, -3629, -6430, -8110, -8351, -7398, -5354, -3213, -1338, 2161, 3946, 5341, 5925, 5884, 5097, 3723, 1769, -508, -2527, -3701, -3451, -2317, -524, 2434, 2979, 2870, 2352, 1422, 343, -1036, -1820, -1833, -1497, -1147, -928, -777, -567, -316, -287, -253, -613, -1470, -2855, -4200, -5114, -5970, -6252, -6190, -5486, -4564, -3575, -3077, -3136, -3582, -3983, -3827, -3192, -2296, -1825, -1764, -1809, -1644, -1587, -1120, -502, -213, -298, -1080, -1970, -2886, -3410, -3694, -3719, -3454, -3138, -2779, -2479, -2250, -1965, -1742, -1717, -1554, -1430, -1161, -1074, -763, -250, 543, 1469, 2730, 3902, 4784, 5232, 5515, 5631, 5631, 5886, 6213, 6780, ;


Frequency: 135, Amplitude pozitiv: 5884, Amplitude negativ: 3459, .-<<||||   6780, 543, 1469, 2730, 3902, 4784, 5232, 5515, 5631, 5631, 5886, 6213, 6780, 7398, 8180, 9296, 10238, 11075, 11206, 10896, 10174, 7694, 2868, -3816, -9758, -13973, -16585, -17686, -16806, -14648, -12036, -8283, -3453, 4174, 4779, 4161, 3662, 4064, 4269, 3746, 3199, 3445, 4462, 6544, 10402, 13995, 15278, 14420, 12644, 10795, 8779, 5783, 2290, -967, -3651, -5104, -4865, -3475, -2025, -1081, -833, -362, -110, -731, -2513, -5123, -7438, -8579, -8109, -6518, -4272, -2193, -665, 2912, 5038, 6653, 7429, 7408, 6307, 4349, 1949, -506, -2348, -3052, -2735, -1816, -302, 2728, 3032, 2555, 1792, 826, -277, -1096, -1400, -1578, -1828, -1773, -1607, -1290, -972, -536, -191, -273, -590, -1354, -2467, -3763, -4891, -5736, -6059, -5567, -4665, -3830, -3447, -3353, -3441, -3528, -3235, -2773, -2137, -1590, -1518, -1568, -1558, -1529, -1401, -1248, -1188, -1271, -1813, -2483, -3034, -3353, -3462, -3357, -3198, -3032, -2785, -2562, -2206, -1843, -1581, -1552, -1641, -1626, -1504, -1575, -1412, -1046, -619, 924, 2379, 3565, 4290, 4781, 5161, 5383, 5281, 5640, 5758, 6171, 6850, ;


Frequency: 136, Amplitude pozitiv: 5916, Amplitude negativ: 3630, .-<<||||   6850, 924, 2379, 3565, 4290, 4781, 5161, 5383, 5281, 5640, 5758, 6171, 6850, 7880, 8742, 9551, 10407, 10998, 11325, 11177, 10432, 7914, 2856, -4003, -10127, -14321, -16627, -17445, -16533, -14231, -11878, -8399, -3776, 4417, 5363, 4753, 3918, 4136, 4256, 3790, 3294, 3561, 4413, 6608, 10398, 14230, 16143, 15372, 13293, 11152, 8952, 6372, 3108, -495, -3667, -5503, -5315, -3770, -1896, -485, -22, -174, -1501, -3852, -6427, -7982, -7915, -6489, -4576, -2726, -1102, 2437, 4987, 7370, 8736, 8694, 7238, 4855, 2698, 612, -1147, -2281, -2593, -1943, -500, 2681, 3049, 2493, 1760, 976, 357, -207, -892, -1719, -2298, -2299, -1774, -1098, -606, -351, -353, -258, -536, -1087, -2152, -3560, -4931, -5712, -5681, -5144, -4514, -3949, -3675, -3797, -3712, -3374, -3020, -2763, -2423, -1970, -1819, -1647, -1643, -1699, -1887, -1908, -1806, -1840, -2150, -2905, -3548, -3878, -3812, -3489, -3381, -3252, -3022, -2681, -2275, -1926, -1768, -1853, -2131, -2233, -2277, -2204, -1886, -1328, -581, 1397, 2433, 3467, 4144, 4499, 4482, 4937, 5261, 5293, 5436, 5618, 6385, ;


Frequency: 135, Amplitude pozitiv: 5594, Amplitude negativ: 4160, .-<<||||   6385, 1397, 2433, 3467, 4144, 4499, 4482, 4937, 5261, 5293, 5436, 5618, 6385, 6932, 7721, 8564, 9652, 10258, 10597, 10908, 10377, 8473, 3873, -3356, -9885, -14164, -16749, -17869, -17099, -15108, -13061, -9872, -5065, 4203, 5460, 4851, 3706, 3726, 3932, 3491, 2854, 2922, 3673, 5247, 8809, 12990, 15576, 15310, 13566, 11782, 9654, 7071, 3538, -413, -3879, -5893, -5806, -4004, -2090, -684, -329, -531, -168, -620, -2999, -5756, -7575, -7948, -6816, -4678, -2384, -608, 3560, 6652, 9229, 10023, 9290, 7693, 5458, 3090, 889, -937, -2226, -2945, -2729, -1154, 2270, 2488, 1874, 1366, 832, -56, -1343, -2342, -2873, -3219, -2893, -1625, -229, 783, 687, 644, 465, -299, -1673, -3072, -4389, -5090, -5377, -4994, -4375, -3763, -3606, -3695, -3465, -3367, -3697, -4031, -4084, -4085, -4027, -3901, -3663, -3507, -3201, -3184, -2922, -2718, -2660, -2860, -3281, -3683, -3991, -4118, -4211, -4230, -3987, -3687, -3383, -3081, -2780, -2857, -3203, -3550, -3755, -3815, -3767, -3301, -2409, -1374, -329, 1664, 2565, 3236, 3709, 4300, 4666, 4654, 4725, 4985, 5287, 5557, 6272, ;


Frequency: 136, Amplitude pozitiv: 5253, Amplitude negativ: 4025, .-<<||||   6272, 1664, 2565, 3236, 3709, 4300, 4666, 4654, 4725, 4985, 5287, 5557, 6272, 7076, 7832, 8648, 9340, 9711, 10026, 9853, 9076, 7923, 6370, 3816, -901, -6573, -10916, -13688, -15411, -15637, -14210, -12037, -9575, -5989, -1696, 4542, 4946, 3978, 3287, 3576, 3815, 3481, 3395, 4156, 5300, 7611, 11056, 13923, 14559, 13014, 10593, 8511, 6610, 4210, 1270, -2002, -4652, -5837, -5535, -4025, -2074, -574, 619, 1148, 899, -586, -3217, -5803, -7439, -7503, -6117, -3730, -1112, 2973, 5041, 7214, 8696, 9179, 8720, 7094, 4511, 1848, -479, -2637, -4156, -4513, -3394, -1480, 1846, 2434, 2192, 1560, 631, -293, -935, -1556, -2006, -2080, -1464, -554, -99, 733, 1154, 1432, 1078, -93, -1730, -3569, -5204, -5935, -5744, -5063, -4063, -3306, -2808, -2544, -2682, -3007, -3654, -3886, -3890, -3923, -3967, -4345, -4577, -4604, -4365, -3617, -2574, -1791, -1386, -1614, -2051, -2558, -3036, -3495, -3882, -4010, -4058, -4074, -3996, -3989, -3761, -3802, -3684, -3181, -2622, -1953, -1210, -337, 972, 1625, 2340, 3171, 4120, 4826, 5551, 6247, 6377, 6319, 6238, 6311, ;


Frequency: 136, Amplitude pozitiv: 4991, Amplitude negativ: 4229, .-<<||||   6311, 972, 1625, 2340, 3171, 4120, 4826, 5551, 6247, 6377, 6319, 6238, 6311, 6543, 6514, 6660, 7112, 7734, 8347, 8787, 8832, 8842, 8572, 7580, 6043, 2912, -2589, -8657, -13180, -15379, -15996, -15176, -13172, -11194, -8690, -4904, -227, 5813, 5268, 3607, 3040, 3666, 4103, 3784, 3732, 3932, 4863, 7396, 11106, 13653, 13461, 11415, 9234, 7553, 6084, 3756, 359, -3077, -5750, -6392, -5069, -2838, -703, 710, 900, 1365, 1050, -838, -3746, -6145, -7024, -6269, -4334, -2303, -729, 2678, 5374, 8207, 9736, 9447, 7613, 4811, 2060, -382, -2329, -3705, -4298, -3594, -2206, -337, 2474, 2246, 1286, 228, -575, -1360, -1936, -2497, -2981, -2890, -2025, -1022, -379, 894, 1094, 729, -75, -1455, -3465, -5097, -6094, -6098, -5228, -4021, -2852, -2603, -2903, -3307, -3636, -3905, -4194, -4604, -4935, -5101, -5181, -4989, -4599, -4078, -3267, -2397, -1775, -1528, -1905, -2712, -3484, -4066, -4456, -4787, -5059, -5319, -5331, -5158, -4695, -3944, -3388, -2844, -2253, -1313, -284, 681, 744, 913, 1424, 2292, 3105, 3799, 4571, 5085, 5515, 6158, 6476, ;


Frequency: 135, Amplitude pozitiv: 4457, Amplitude negativ: 4273, .-<<||||   6476, 681, 744, 913, 1424, 2292, 3105, 3799, 4571, 5085, 5515, 6158, 6476, 6575, 5949, 5530, 5475, 5640, 6193, 6723, 7242, 7510, 7884, 8075, 8243, 8122, 7125, 4823, 650, -4801, -9735, -12891, -14572, -15108, -14187, -12357, -10250, -7037, -2716, 4388, 5043, 4366, 3865, 4216, 4566, 3840, 3204, 3084, 3320, 4666, 7700, 11001, 12446, 11615, 9932, 8327, 6831, 4723, 1866, -1489, -4260, -5502, -5085, -3456, -1425, -18, 1245, 1855, 1977, 794, -1584, -4074, -5721, -6124, -5355, -3653, -1995, -433, 3733, 6220, 7769, 7902, 6956, 5129, 2691, 280, -1816, -3544, -4487, -4277, -2817, -731, 2387, 2733, 2503, 2138, 1196, -20, -961, -1369, -1494, -1340, -524, 764, 1000, 1212, 1467, 1357, 420, -1279, -3045, -4447, -5460, -5981, -5820, -5249, -4439, -3701, -3083, -2704, -3052, -3970, -4847, -5247, -4908, -4396, -4065, -3986, -3978, -3856, -3356, -2424, -1864, -1686, -2155, -3077, -3950, -4623, -5097, -5654, -6016, -6106, -5810, -5172, -4226, -3440, -2831, -2240, -1744, -1049, -387, 332, 510, 1023, 1651, 2480, 3146, 3811, 4511, 5216, 6215, 6817, 6962, ;


Frequency: 135, Amplitude pozitiv: 4587, Amplitude negativ: 4313, .-<<||||   6962, 332, 510, 1023, 1651, 2480, 3146, 3811, 4511, 5216, 6215, 6817, 6962, 6326, 5637, 4956, 4881, 5236, 5845, 6500, 7215, 7949, 8540, 8932, 8949, 8275, 6409, 2935, -2281, -7775, -11663, -14231, -15663, -15187, -13500, -11498, -8639, -4282, 4552, 6215, 5885, 4635, 4220, 4484, 4380, 3627, 3167, 3108, 3864, 6422, 10238, 13064, 13086, 11458, 9401, 7811, 6140, 3906, 1099, -2061, -4566, -5000, -3752, -1594, 1136, 1293, 1565, 2123, 1856, 163, -2500, -4999, -6509, -6232, -4752, -3077, -1736, -450, 3778, 6587, 8616, 8955, 7172, 4389, 1618, -740, -2708, -4157, -4743, -4395, -2889, -730, 2722, 3144, 2734, 1767, 1206, 552, -375, -1446, -2272, -2349, -1779, -866, 524, 762, 878, 784, 450, -322, -1840, -3913, -5634, -6346, -5965, -5189, -4500, -3922, -3646, -3469, -3383, -3527, -3577, -3747, -3986, -4239, -4352, -4325, -4311, -4421, -4181, -3521, -2635, -1984, -2145, -2854, -3939, -4947, -5392, -5547, -5378, -5556, -5536, -5132, -4102, -2759, -1816, -1190, -866, -721, -221, 1494, 1802, 2001, 2104, 2380, 3121, 4112, 5152, 5600, 5984, 6167, 6272, ;


Frequency: 136, Amplitude pozitiv: 4620, Amplitude negativ: 4338, .-<<||||   6272, 1494, 1802, 2001, 2104, 2380, 3121, 4112, 5152, 5600, 5984, 6167, 6272, 6308, 6093, 5476, 4956, 4983, 5316, 6173, 7172, 7843, 8137, 8280, 7905, 7023, 4411, -774, -6693, -11242, -14125, -15403, -15112, -14134, -12866, -10708, -6670, -1374, 5984, 6063, 4869, 4309, 4552, 4431, 3543, 2507, 1898, 2231, 4494, 8336, 11447, 12245, 11047, 9392, 8240, 6938, 5016, 2395, -898, -3805, -5148, -4520, -2988, -1477, -544, -113, 1777, 2256, 1437, -773, -3310, -5130, -5636, -4920, -3631, -2623, -1828, -563, 4970, 7642, 8743, 7900, 5996, 3416, 671, -1749, -3827, -5163, -5467, -4283, -2113, 2450, 3250, 3357, 3363, 3278, 2634, 1571, 193, -1057, -2132, -2676, -2300, -1669, -1080, -601, 1209, 1620, 1201, -536, -2904, -5024, -6344, -6509, -5924, -5304, -4878, -4850, -4619, -4121, -3559, -3185, -3275, -3427, -3800, -4201, -4502, -4804, -5044, -5270, -5058, -4345, -3476, -2905, -3082, -3639, -4096, -4620, -4925, -4970, -5031, -5232, -5351, -4867, -3836, -2698, -1811, -1344, -1082, -197, 1248, 1891, 2033, 1870, 1818, 2304, 3030, 3960, 4620, 5034, 5116, 5343, ;


Frequency: 135, Amplitude pozitiv: 4652, Amplitude negativ: 4023, .-<<||||   5343, 1248, 1891, 2033, 1870, 1818, 2304, 3030, 3960, 4620, 5034, 5116, 5343, 5526, 5849, 6029, 5802, 5499, 5360, 5581, 6143, 6671, 7488, 7998, 8176, 7917, 6592, 3438, -2006, -7379, -11350, -13694, -14694, -14310, -13547, -12224, -9574, -5330, -477, 5830, 5695, 4878, 4717, 4810, 4072, 2924, 1826, 1233, 1895, 4651, 8544, 10963, 11366, 10485, 9521, 8946, 8108, 6498, 3461, -316, -3117, -4606, -4314, -3017, -2106, -1173, -256, 2426, 2764, 1393, -1126, -3569, -5186, -5532, -4912, -4140, -3777, -3052, -1301, 5031, 7583, 8642, 8034, 6175, 3803, 1139, -1466, -3732, -5234, -5381, -4255, -2248, -234, 2645, 3356, 3662, 3640, 3181, 2047, 461, -1066, -2256, -2767, -2626, -2167, -1455, -556, 1189, 1102, 316, -1437, -3259, -4729, -5472, -5513, -5289, -4879, -4590, -4473, -4188, -3964, -3455, -2933, -2696, -2509, -2514, -2913, -3432, -3969, -4569, -4593, -4332, -3777, -3035, -2590, -2496, -2632, -3029, -3550, -3757, -3838, -4209, -4324, -4227, -4052, -3653, -2932, -2218, -1416, -754, -229, 1441, 2303, 2676, 2788, 2830, 3205, 3751, 4367, 5039, 5536, 5814, 5749, ;


Frequency: 136, Amplitude pozitiv: 4728, Amplitude negativ: 4086, .-<<||||   5749, 1441, 2303, 2676, 2788, 2830, 3205, 3751, 4367, 5039, 5536, 5814, 5749, 5680, 6037, 6297, 6031, 5733, 5743, 6137, 6660, 7398, 8056, 8029, 7326, 5588, 2138, -2701, -7213, -10948, -13855, -15280, -15154, -14201, -12865, -10049, -5555, -805, 5639, 6051, 5523, 5374, 5184, 4251, 3121, 2234, 1763, 2356, 4860, 8411, 10735, 11255, 10700, 10031, 9694, 8589, 6849, 3915, 555, -2495, -4246, -4352, -3418, -2252, -1594, -763, 1738, 2302, 1281, -591, -2719, -4209, -4941, -4598, -3699, -3293, -2682, -1123, 4449, 7326, 8970, 9079, 8061, 6148, 3515, 857, -1679, -3749, -4880, -4786, -3640, -1874, -268, 2000, 2417, 2679, 2389, 1593, 505, -809, -2011, -2590, -2565, -2383, -1859, -1127, -205, 976, 806, -6, -1429, -2762, -3662, -4341, -4469, -4564, -4815, -5181, -5400, -5320, -4919, -4354, -3797, -3337, -3133, -3390, -3864, -4474, -5050, -5480, -5279, -4762, -4053, -3290, -3051, -3188, -3213, -3225, -3145, -2952, -3062, -3348, -3706, -3852, -3716, -3438, -3055, -2503, -1742, -818, 1300, 2246, 2743, 2743, 2930, 3024, 3451, 3811, 4153, 4589, 4959, 5352, ;


Frequency: 135, Amplitude pozitiv: 4649, Amplitude negativ: 3985, .-<<||||   5352, 1300, 2246, 2743, 2743, 2930, 3024, 3451, 3811, 4153, 4589, 4959, 5352, 5958, 6582, 6744, 6778, 6691, 6586, 6868, 7406, 7768, 7700, 7491, 7238, 6309, 4247, 645, -4090, -8255, -11257, -13370, -14270, -13991, -13390, -11969, -8872, -4374, 3603, 5144, 5012, 4745, 5236, 5184, 4098, 2788, 1667, 1117, 2131, 5135, 8183, 9488, 9397, 8909, 8732, 8743, 8017, 6025, 2940, -613, -3407, -4689, -4394, -3604, -2897, -2499, -1840, -299, 1350, 339, -1098, -2736, -3897, -3991, -3638, -3497, -3536, -3164, -1527, 4390, 7056, 8618, 8629, 7261, 5296, 2723, -4, -2705, -4736, -5514, -5058, -3696, -1947, -360, 2008, 2732, 3302, 3356, 2615, 1211, -295, -1337, -2253, -2844, -2780, -2328, -1647, -870, 971, 896, -89, -1512, -2807, -3437, -3633, -3810, -4305, -5017, -5693, -6045, -5554, -4707, -3757, -3287, -3203, -3322, -3529, -3930, -4258, -4697, -4892, -4805, -4292, -3603, -3115, -2980, -3040, -2984, -2857, -2509, -2430, -2671, -3339, -4149, -4591, -4591, -4245, -3428, -2407, -1423, -327, 1800, 2589, 2807, 2824, 2884, 3156, 3604, 3856, 4020, 4386, 4686, 5366, ;


Frequency: 135, Amplitude pozitiv: 4864, Amplitude negativ: 3707, .-<<||||   5366, 1800, 2589, 2807, 2824, 2884, 3156, 3604, 3856, 4020, 4386, 4686, 5366, 6121, 6766, 7288, 7162, 6903, 7010, 7328, 7664, 7997, 8072, 7757, 7017, 5377, 2017, -2522, -6858, -10364, -12980, -14153, -14075, -13738, -12823, -10100, -6287, -2008, 4191, 4971, 5244, 5893, 6053, 5040, 3585, 2231, 1137, 1293, 3349, 6402, 8324, 8726, 8744, 8919, 9291, 9206, 7902, 5336, 2213, -977, -3094, -3857, -3724, -3585, -3666, -3249, -2168, -508, 590, -216, -1423, -2376, -2816, -2780, -2925, -3575, -3855, -3088, -723, 5427, 7587, 8138, 7528, 5696, 3352, 865, -1148, -2867, -4269, -4808, -4235, -3058, -1967, -504, 1663, 2382, 2863, 2644, 2146, 1089, -515, -1916, -2662, -2688, -2744, -2290, -1433, -692, -246, -305, -707, -1377, -2219, -2972, -3466, -3376, -3399, -4066, -4839, -5613, -5818, -5419, -4737, -4121, -3715, -3752, -3893, -3979, -3883, -3629, -3594, -3646, -3631, -3319, -3301, -3190, -3227, -3227, -3149, -3040, -2864, -2870, -3118, -3743, -4074, -3833, -3312, -2529, -1567, -816, -41, 1466, 2191, 2862, 3117, 3180, 3629, 4192, 4688, 5086, 5523, 5870, 6337, ;


Frequency: 135, Amplitude pozitiv: 4874, Amplitude negativ: 3556, .-<<||||   6337, 1466, 2191, 2862, 3117, 3180, 3629, 4192, 4688, 5086, 5523, 5870, 6337, 6949, 7579, 7747, 7481, 7015, 6692, 6910, 7478, 8215, 8300, 7368, 5680, 2454, -2030, -6130, -9388, -11978, -13945, -14753, -14714, -13842, -11398, -7579, -3270, 3389, 4514, 5330, 6463, 7033, 6098, 4306, 2734, 1324, 1302, 3093, 5503, 7211, 7890, 7966, 7989, 8769, 9317, 8657, 6677, 3916, 1023, -1118, -2176, -2807, -3335, -4092, -4227, -3528, -2048, -706, -69, -152, -570, -929, -1050, -823, -995, -1809, -2710, -2902, -1763, 3217, 5478, 6701, 6786, 5682, 3989, 2508, 1132, -538, -2296, -3432, -3972, -3766, -3043, -2172, -1106, -155, 1658, 2352, 2500, 1910, 615, -343, -1118, -1701, -1864, -1830, -1759, -1654, -1561, -1246, -1006, -1058, -1726, -2590, -3214, -3374, -3276, -3571, -4079, -4935, -5707, -6078, -5868, -5181, -4731, -4648, -4832, -4519, -3928, -3287, -2797, -2681, -2854, -3164, -3250, -3288, -3251, -3392, -3626, -4034, -4233, -4069, -3869, -3482, -3276, -3107, -2797, -2294, -1543, -839, -203, 839, 1390, 1916, 2509, 3091, 3388, 3877, 4405, 5291, 6143, 6602, 7021, ;


Frequency: 441, Amplitude pozitiv: 5316, Amplitude negativ: 9037, .-<<||||   7021, 839, 1390, 1916, 2509, 3091, 3388, 3877, 4405, 5291, 6143, 6602, 7021, 7485, 7781, 7951, 8000, 7783, 7489, 7249, 7366, 7595, 7988, 7752, 5854, 2162, -2221, -6181, -9477, -11478, -12861, -13901, -14463, -14077, -11816, -8120, -3809, -41, 3805, 5089, 6765, 7628, 6806, 5066, 3121, 1387, 1254, 3022, 5344, 6773, ;


Frequency: 176, Amplitude pozitiv: 3959, Amplitude negativ: 2617, .-<<||||   6773, 3805, 5089, 6765, 7628, 6806, 5066, 3121, 1387, 1254, 3022, 5344, 6773, 7069, 6991, 7097, 8078, 8990, 9001, 7575, 5189, 2778, 598, -721, -1727, -2872, -4156, -5138, -4951, -4026, -2669, -1722, -1437, -1355, -1233, -768, -9, -50, -762, -1192, -995, 1730, 3222, 4200, 4312, 3790, 2897, 2125, 1608, 877, -322, -1426, -2154, -2657, -2421, -1940, -1617, -1281, -923, -436, 773, 1135, 841, 186, -445, -752, -890, -567, -324, -710, -1332, -1843, -2040, -1971, -2098, -2495, -3108, -3588, -3539, -3414, -3284, -3428, -4032, -4636, -5151, -5263, -4909, -4705, -4681, -4902, -4973, -4587, -3795, -2936, -2453, -2614, -2906, -2936, -2745, -2653, -2658, -3066, -4047, -4860, -5120, -4902, -4398, -3731, -3322, -3062, -2458, -1621, -666, 661, 956, 1109, 1590, 2199, 2688, 3054, 3422, 4084, 4755, 5457, 6188, ;


Frequency: 247, Amplitude pozitiv: 4260, Amplitude negativ: 5290, .-<<||||   6188, 661, 956, 1109, 1590, 2199, 2688, 3054, 3422, 4084, 4755, 5457, 6188, 6880, 7306, 7526, 7655, 7758, 7786, 7559, 7555, 7603, 7673, 7733, 6984, 4604, 765, -3167, -6569, -9251, -10812, -12189, -13329, -13684, -12863, -10289, -6775, -2971, 2002, 3402, 5058, 6650, 6963, 6166, 4627, 2659, 1543, 1826, 3218, 4619, 5265, 5281, 5350, 6040, 7490, 8583, 8631, 7845, 6172, 4615, 3313, 2205, 996, -397, -1989, -3319, -3888, -3819, -3510, -3231, -2982, -2725, -2232, -1447, -645, -108, -67, 432, 749, 1322, 2031, 2472, 2365, 1824, 1234, 820, 512, 296, 366, ;


Frequency: 245, Amplitude pozitiv: 1602, Amplitude negativ: 2806, .-<<||||   366, 432, 749, 1322, 2031, 2472, 2365, 1824, 1234, 820, 512, 296, 366, 433, 327, 202, 122, 156, 565, 890, 821, 554, 181, -152, -593, -746, -703, -715, -969, -949, -867, -559, -331, -393, -663, -1319, -2057, -2653, -3142, -3375, -3725, -4047, -4142, -4266, -3818, -3156, -2866, -2842, -3104, -3557, -3833, -4091, -4118, -4194, -4272, -4422, -4316, -4025, -3720, -3411, -3055, -2733, -2476, -2457, -2667, -3088, -3630, -4306, -4708, -4873, -4860, -4592, -4182, -3516, -2910, -2131, -1469, -612, 891, 1380, 1720, 2039, 2222, 2519, 2884, 3590, 4396, 4763, 5135, 5512, ;


Frequency: 441, Amplitude pozitiv: 4073, Amplitude negativ: 6487, .-<<||||   5512, 891, 1380, 1720, 2039, 2222, 2519, 2884, 3590, 4396, 4763, 5135, 5512, 5828, 6430, 7087, 7289, 7130, 6894, 6707, 6728, 6894, 7033, 6331, 4476, 1863, -1180, -3884, -5951, -7370, -8642, -9927, -10689, -10280, -8824, -6322, -3504, -1277, 984, 2231, 3438, 4130, 4085, 3266, 2163, 1320, 1241, 2007, 3053, 3611, ;


Frequency: 329, Amplitude pozitiv: 2485, Amplitude negativ: 1276, .-<<||||   3611, 984, 2231, 3438, 4130, 4085, 3266, 2163, 1320, 1241, 2007, 3053, 3611, 3516, 3544, 3813, 4593, 5472, 5772, 5744, 5241, 4698, 4216, 3986, 3664, 3148, 2262, 1204, 506, -131, -853, -1306, -1578, -2207, -2661, -2742, -2663, -2420, -1911, -1242, -468, 607, 839, 1154, 1473, 1465, 1153, 529, -225, -883, -1221, -1010, -552, -157, -32, 596, 1367, 1861, 2152, 2270, 1830, 1357, 980, 1007, 1013, 803, 312, ;


Frequency: 286, Amplitude pozitiv: 1548, Amplitude negativ: 3668, .-<<||||   312, 596, 1367, 1861, 2152, 2270, 1830, 1357, 980, 1007, 1013, 803, 312, -312, -970, -1199, -1349, -1461, -1809, -2475, -3227, -4004, -4466, -4509, -4378, -4352, -4333, -4340, -4144, -3995, -3604, -3601, -3847, -4128, -4658, -4796, -4746, -4742, -4798, -4885, -4798, -4619, -4269, -3776, -3471, -3347, -3347, -3565, -3841, -4135, -4461, -5005, -5455, -5598, -5660, -5475, -5272, -4779, -4237, -3669, -2870, -1970, -1241, -578, -171, 455, 722, 1097, 1389, 1559, 1671, 1719, 1915, 2349, 2942, 3295, 3735, ;


Frequency: 136, Amplitude pozitiv: 2223, Amplitude negativ: 2358, .-<<||||   3735, 455, 722, 1097, 1389, 1559, 1671, 1719, 1915, 2349, 2942, 3295, 3735, 3813, 4061, 4253, 4710, 5123, 5312, 5310, 4979, 4718, 4234, 3734, 2789, 1491, 343, -505, -772, -710, -505, -192, 612, 1383, 2424, 3272, 3611, 3613, 3590, 3240, 2692, 2272, 1724, 1209, 553, -106, -640, -969, -1002, -1188, -1271, -997, -506, 966, 1859, 2490, 2806, 2965, 3355, 3865, 4106, 4276, 4038, 3374, 2520, 1593, 928, 687, 611, 401, 271, 113, 41, -91, -45, 174, 263, 209, 56, -119, -510, -1112, -1732, -2123, -2430, -2400, -2197, -2172, -2005, -2151, -2104, -1946, -1649, -1338, -832, -314, 250, 332, 407, 313, 114, -234, -551, -1050, -1495, -1920, -2610, -3305, -3817, -4118, -4022, -3703, -3210, -2672, -2379, -2122, -2168, -2231, -2389, -2586, -2799, -3140, -3205, -3431, -3858, -4172, -4326, -4196, -4079, -3950, -3799, -3871, -3927, -3790, -3729, -3816, -4022, -4230, -4535, -4597, -4548, -4453, -4132, -3946, -3501, -3239, -2852, -2056, -1231, -416, 708, 787, 986, 1418, 1798, 2120, 2368, 2506, 2687, 2972, 3214, 3468, ;


Frequency: 132, Amplitude pozitiv: 2393, Amplitude negativ: 2850, .-<<||||   3468, 708, 787, 986, 1418, 1798, 2120, 2368, 2506, 2687, 2972, 3214, 3468, 3791, 3769, 3771, 3944, 4253, 4511, 4558, 4600, 4426, 4256, 4275, 4238, 4012, 3322, 2638, 1906, 1313, 1208, 977, 798, 821, 1032, 1341, 1885, 2757, 3189, 3300, 3476, 3565, 3301, 2720, 2207, 1409, 319, -875, -2025, -2927, -3472, -3537, -3563, -3238, -2652, -1850, -648, 1678, 2709, 3463, 3900, 4260, 4678, 4758, 4705, 4235, 3477, 2767, 2238, 2179, 2307, 2589, 2395, 2039, 1581, 1544, 1823, 2094, 2478, 2649, 2742, 2704, 2516, 2177, 1726, 927, 136, -478, -933, -1089, -1548, -1600, -1924, -2375, -2247, -1783, -1190, -564, -64, 389, 692, 987, 933, 776, 528, 149, -154, -333, -989, -1589, -2373, -2778, -2847, -2707, -2523, -2285, -2013, -1824, -1731, -1511, -1295, -1545, -1832, -2232, -2463, -2674, -2926, -3399, -3975, -4366, -4616, -4878, -4842, -4690, -4728, -4832, -4861, -4932, -5116, -5254, -5485, -5635, -5894, -5916, -5926, -5716, -5258, -4746, -4125, -3583, -2720, -1838, -856, -142, 956, 1025, 938, 692, 918, 1178, 1533, 1879, 2118, 2490, 2706, 2982, ;


Frequency: 132, Amplitude pozitiv: 2564, Amplitude negativ: 2815, .-<<||||   2982, 956, 1025, 938, 692, 918, 1178, 1533, 1879, 2118, 2490, 2706, 2982, 3355, 3903, 4154, 4457, 4741, 4863, 5026, 5173, 5273, 5272, 5279, 5259, 5062, 4592, 4017, 3408, 2800, 2369, 1882, 1686, 1728, 1813, 2287, 2859, 3582, 3839, 4000, 4211, 4089, 3748, 3334, 2623, 1322, -20, -1568, -2625, -3226, -3488, -3725, -3832, -3549, -2939, -1889, -759, 1881, 2760, 3376, 3769, 4138, 4516, 4573, 4243, 3561, 2860, 2219, 1928, 2073, 2124, 1969, 1603, 1346, 1302, 1468, 1713, 1994, 2095, 1888, 1689, 1728, 1737, 1553, 933, 97, -664, -1275, -1572, -2021, -2434, -2931, -3102, -3281, -3291, -2650, -2017, -1650, -1306, -994, -636, -231, -124, -43, -242, -382, -721, -1085, -1628, -2130, -2540, -2723, -2686, -2655, -2591, -2713, -2482, -2195, -1983, -1822, -1838, -2117, -2414, -2534, -2657, -2669, -2964, -3379, -3894, -4229, -4273, -4493, -4630, -4736, -4857, -5082, -5335, -5406, -5427, -5645, -5696, -5741, -5671, -5672, -5563, -5206, -4926, -4354, -3705, -3178, -2498, -1721, -1069, -388, 452, 551, 525, 313, 304, 643, 946, 1164, 1316, 1467, 1652, 2238, ;


Frequency: 128, Amplitude pozitiv: 2708, Amplitude negativ: 2773, .-<<||||   2238, 452, 551, 525, 313, 304, 643, 946, 1164, 1316, 1467, 1652, 2238, 2879, 3422, 3762, 4023, 4314, 4577, 4817, 5107, 5220, 5409, 5627, 5612, 5558, 5236, 4524, 3884, 3353, 2808, 2352, 1924, 1641, 1438, 1806, 2569, 3458, 3865, 3888, 3883, 3819, 3682, 3163, 2351, 1150, -514, -2044, -3109, -3757, -4012, -4223, -4342, -4006, -2984, -1534, 1687, 2956, 3779, 4170, 4445, 4778, 5154, 5254, 4850, 4175, 3379, 3029, 2611, 2487, 2569, 2439, 2164, 1776, 1654, 1645, 1675, 1610, 1608, 1514, 1459, 1656, 1847, 1712, 1361, 712, -199, -980, -1618, -1962, -2407, -2990, -3498, -3763, -3656, -2949, -2264, -1621, -959, -640, -290, -23, 50, -86, -159, -377, -776, -1113, -1298, -1685, -2107, -2154, -2177, -2071, -2013, -1898, -1788, -1729, -1604, -1581, -1578, -1654, -1667, -1832, -1943, -2051, -2334, -2859, -3436, -3967, -4508, -4837, -5063, -5219, -5512, -5836, -6038, -6283, -6367, -6252, -6154, -6194, -6119, -6039, -5921, -5558, -5286, -5006, -4459, -3886, -3248, -2440, -1579, -905, -689, -607, -631, -582, -511, -201, 224, 403, 478, 772, 1234, 1966, 2663, 3145, 3494, 3564, 3862, 4092, ;


Frequency: 129, Amplitude pozitiv: 2997, Amplitude negativ: 2778, .-<<||||   4092, 224, 403, 478, 772, 1234, 1966, 2663, 3145, 3494, 3564, 3862, 4092, 4312, 4690, 4968, 5198, 5494, 5704, 5707, 5369, 4719, 4103, 3521, 3064, 2434, 1838, 1460, 1360, 1663, 2440, 3410, 3875, 3985, 4160, 4297, 4142, 3628, 2695, 1186, -504, -1919, -2840, -3459, -3625, -3796, -3838, -3358, -2384, -800, 2317, 3224, 3733, 3985, 4371, 4787, 5174, 5063, 4537, 3927, 3487, 3227, 3028, 2958, 2801, 2526, 2152, 1712, 1563, 1533, 1448, 1430, 1473, 1583, 1652, 1933, 2181, 2116, 1891, 1281, 256, -785, -1523, -2390, -3055, -3654, -4293, -4423, -4180, -3627, -2764, -1895, -1470, -1109, -941, -820, -663, -581, -487, -739, -1053, -1262, -1479, -1745, -1993, -2070, -2379, -2318, -2100, -1990, -1828, -1881, -1820, -1752, -1623, -1694, -1698, -1745, -1690, -1706, -1964, -2424, -3101, -3712, -4360, -4805, -5067, -5182, -5362, -5651, -5950, -6125, -6099, -5967, -5920, -5812, -5779, -5726, -5816, -5846, -5491, -5279, -5030, -4603, -4131, -3399, -2557, -1737, -1287, -1111, -1037, -1104, -865, -740, -421, -206, -218, -133, 522, 1285, 1927, 2352, 2796, 3056, 3297, 3606, 3974, 4244, 4302, 4699, ;


Frequency: 131, Amplitude pozitiv: 2999, Amplitude negativ: 2649, .-<<||||   4699, 522, 1285, 1927, 2352, 2796, 3056, 3297, 3606, 3974, 4244, 4302, 4699, 5110, 5418, 5596, 5387, 4824, 3977, 3179, 2708, 2108, 1467, 970, 656, 831, 1336, 2285, 3123, 3515, 3439, 3594, 3706, 3641, 3099, 2045, 566, -1216, -2506, -3102, -3523, -3666, -3611, -3515, -2817, -1522, 1667, 2916, 3684, 4043, 4250, 4487, 4852, 4903, 4685, 4292, 3702, 3340, 3149, 2935, 2900, 2566, 2159, 1804, 1371, 1280, 1326, 1411, 1430, 1518, 1695, 2113, 2626, 2763, 2893, 2621, 1842, 918, -130, -1126, -1851, -2663, -3240, -3533, -3594, -3409, -2846, -2287, -1975, -1499, -1224, -1004, -701, -431, -363, -427, -425, -751, -1110, -1419, -1966, -2263, -2557, -2448, -2358, -2244, -2149, -2175, -1852, -1725, -1592, -1442, -1433, -1436, -1487, -1661, -1922, -2256, -2711, -3269, -3931, -4472, -4961, -5204, -5343, -5413, -5424, -5555, -5633, -5503, -5221, -4917, -4727, -4677, -4792, -4989, -5138, -5141, -5089, -4867, -4515, -3876, -3406, -2855, -2182, -1803, -1476, -1309, -1144, -1016, -905, -722, -761, -681, -396, -4, 907, 1552, 2012, 2364, 2808, 3127, 3719, 4096, 4468, 4993, 5543, 5897, ;


Frequency: 133, Amplitude pozitiv: 2933, Amplitude negativ: 2649, .-<<||||   5897, 907, 1552, 2012, 2364, 2808, 3127, 3719, 4096, 4468, 4993, 5543, 5897, 6063, 6077, 5625, 4611, 3694, 3065, 2436, 1841, 909, 305, 41, 281, 1069, 2087, 2876, 2956, 2864, 3048, 3345, 3157, 2389, 1171, -500, -1999, -3060, -3525, -3926, -3983, -3988, -3637, -2833, -1311, 1652, 2689, 3315, 3790, 4161, 4562, 4918, 4956, 4723, 4318, 3821, 3416, 3156, 2929, 2637, 2371, 2058, 1595, 1371, 1299, 1319, 1408, 1508, 1873, 2166, 2517, 2927, 3189, 3160, 2747, 1831, 665, -276, -1043, -1720, -2135, -2676, -3093, -3190, -2999, -2661, -2283, -1826, -1501, -1204, -983, -826, -677, -547, -460, -664, -1095, -1425, -1776, -2097, -2282, -2339, -2395, -2504, -2609, -2541, -2410, -2111, -1914, -1656, -1525, -1716, -1646, -1772, -1961, -2236, -2699, -3169, -3742, -4353, -4776, -5077, -5235, -5429, -5524, -5421, -5378, -5222, -5080, -4836, -4714, -4609, -4637, -4828, -4956, -5028, -5064, -4894, -4546, -4133, -3559, -2917, -2245, -1780, -1273, -787, -653, -438, -378, -495, -283, -107, -63, 535, 840, 1238, 1756, 2362, 2841, 3210, 3592, 4003, 4450, 5027, 5533, ;


Frequency: 133, Amplitude pozitiv: 2963, Amplitude negativ: 2449, .-<<||||   5533, 535, 840, 1238, 1756, 2362, 2841, 3210, 3592, 4003, 4450, 5027, 5533, 6001, 6330, 6299, 6175, 5464, 4434, 3479, 2798, 2063, 1395, 553, -32, -77, 1351, 2283, 2939, 3194, 3425, 3578, 3410, 2788, 1789, 579, -1134, -2473, -3384, -3965, -3929, -3969, -3732, -3409, -2462, -1156, 1330, 2147, 2668, 3140, 3518, 3913, 4219, 4165, 4101, 3846, 3492, 3267, 2935, 2665, 2476, 2274, 1900, 1589, 1327, 1141, 1406, 1766, 2322, 2634, 2828, 3029, 3335, 3556, 3470, 2943, 1896, 737, 35, -587, -1077, -1314, -1779, -2107, -2299, -2281, -2004, -1409, -1040, -675, -618, -479, -241, -105, -15, -104, -295, -565, -828, -1168, -1477, -1712, -1754, -1811, -1951, -1814, -1680, -1605, -1339, -1197, -1024, -1134, -1161, -1392, -1692, -2025, -2547, -3094, -3676, -4078, -4567, -4861, -5000, -5160, -5211, -5283, -5409, -5269, -5059, -4961, -4839, -4927, -5152, -5493, -5578, -5414, -5216, -4908, -4503, -4014, -3646, -3284, -2664, -2066, -1737, -1378, -1436, -1304, -1211, -995, -622, -454, -161, 386, 854, 1364, 2023, 2506, 2804, 3018, 3497, 4134, 4735, 5486, 6016, ;


Frequency: 132, Amplitude pozitiv: 2634, Amplitude negativ: 2488, .-<<||||   6016, 386, 854, 1364, 2023, 2506, 2804, 3018, 3497, 4134, 4735, 5486, 6016, 6462, 6698, 6764, 6655, 6118, 4950, 3855, 2906, 2131, 1530, 860, 298, 98, 610, 1526, 2529, 3407, 3701, 3739, 3629, 3321, 2686, 1781, 742, -820, -2115, -2952, -3474, -3642, -3642, -3659, -3304, -2597, -1585, -360, 1693, 2093, 2604, 3031, 3347, 3572, 3774, 3838, 3638, 3326, 2909, 2543, 2035, 1699, 1506, 1084, 531, 82, 93, 365, 728, 1219, 1640, 1806, 1868, 2116, 2335, 2380, 2001, 1189, 298, -487, -1163, -1764, -2217, -2659, -3063, -3373, -3409, -2922, -2392, -2060, -1647, -1372, -1039, -640, -218, 112, 88, -241, -516, -784, -1080, -1408, -1617, -1921, -2020, -2041, -2045, -1804, -1372, -923, -732, -628, -747, -1009, -1173, -1354, -1639, -1853, -2298, -2901, -3348, -3829, -4054, -4374, -4451, -4543, -4732, -4745, -4755, -4652, -4602, -4740, -4863, -5050, -5191, -5062, -4921, -4709, -4428, -4251, -3939, -3707, -3403, -3002, -2549, -2178, -1784, -1698, -1618, -1252, -963, -618, -297, -60, 524, 831, 1263, 1633, 2078, 2563, 2936, 3388, 4044, 4659, 5103, 5655, ;


Frequency: 133, Amplitude pozitiv: 2690, Amplitude negativ: 2343, .-<<||||   5655, 524, 831, 1263, 1633, 2078, 2563, 2936, 3388, 4044, 4659, 5103, 5655, 6045, 6409, 6505, 6306, 5786, 4654, 3429, 2324, 1614, 1121, 536, 176, 99, 445, 1269, 2250, 2922, 3273, 3251, 3168, 3034, 2709, 2118, 1096, -457, -1784, -2641, -3158, -3105, -2940, -2996, -2722, -2309, -1480, -405, 1747, 2262, 2767, 3131, 3629, 4038, 4454, 4570, 4251, 3892, 3464, 3066, 2598, 2318, 1934, 1507, 1240, 934, 813, 1076, 1515, 1854, 2016, 2207, 2418, 2666, 2938, 2910, 2425, 1682, 665, -273, -911, -1475, -2001, -2526, -2903, -3306, -3432, -3193, -2638, -2195, -1836, -1240, -921, -623, -363, -174, -43, -185, -366, -756, -1167, -1503, -1760, -1945, -2233, -2204, -2000, -1771, -1552, -1272, -956, -826, -619, -824, -1012, -1146, -1435, -1521, -1873, -2244, -2736, -3320, -3645, -3811, -4022, -4137, -4257, -4330, -4638, -4829, -4896, -4962, -4836, -4941, -4801, -4618, -4681, -4583, -4549, -4453, -4111, -3891, -3519, -3187, -2673, -2312, -1877, -1499, -1326, -1128, -826, -429, -155, 177, 368, 606, 856, 1335, 1810, 2322, 2904, 3502, 4066, 4460, 4950, ;


Frequency: 129, Amplitude pozitiv: 2820, Amplitude negativ: 2635, .-<<||||   4950, 177, 368, 606, 856, 1335, 1810, 2322, 2904, 3502, 4066, 4460, 4950, 5552, 6099, 6522, 6817, 7015, 6891, 6562, 5960, 4966, 3923, 3032, 2325, 1795, 1383, 1002, 847, 1284, 2076, 2792, 3177, 3476, 3590, 3459, 3506, 3033, 2285, 1164, -248, -1428, -1894, -2214, -2291, -2348, -2456, -2316, -1681, -650, 1073, 1675, 2205, 2767, 3319, 3683, 4133, 4393, 4187, 3999, 3733, 3227, 2754, 2306, 1899, 1413, 1084, 789, 475, 500, 584, 806, 1197, 1515, 1770, 2007, 2215, 2131, 2008, 1503, 594, -160, -971, -1680, -2263, -2749, -3301, -3684, -3593, -3756, -3515, -3092, -2702, -2337, -1929, -1569, -1454, -1319, -1062, -947, -1103, -1334, -1687, -2010, -2348, -2490, -2632, -2514, -2301, -2254, -2131, -1976, -1707, -1424, -1214, -1231, -1358, -1557, -1720, -1852, -2121, -2572, -2904, -3402, -4067, -4299, -4440, -4722, -4722, -4850, -5016, -5151, -5297, -5158, -5111, -4974, -4906, -5086, -5163, -5229, -5102, -4960, -4839, -4494, -4197, -3837, -3378, -2824, -2372, -1742, -1467, -1371, -1068, -841, -602, -364, -131, -38, 663, 957, 1307, 1856, 2309, 2768, 3142, 3515, 4024, 4361, 4948, 5440, ;


Frequency: 132, Amplitude pozitiv: 2404, Amplitude negativ: 3236, .-<<||||   5440, 663, 957, 1307, 1856, 2309, 2768, 3142, 3515, 4024, 4361, 4948, 5440, 5849, 6044, 5992, 5920, 5813, 5437, 4573, 3437, 2536, 1780, 1229, 836, 645, 400, 405, 875, 1517, 2118, 2488, 2568, 2512, 2474, 2047, 1454, 562, -619, -1727, -2338, -2786, -2836, -2990, -2975, -2934, -2442, -1603, -846, 916, 1537, 2095, 2678, 3052, 3472, 3641, 3717, 3661, 3363, 3073, 2583, 1989, 1567, 1106, 811, 528, 256, 305, 381, 519, 856, 1201, 1133, 1342, 1553, 1496, 1358, 882, 185, -755, -1562, -2228, -2870, -3248, -3583, -3914, -3983, -4101, -4135, -3903, -3452, -3068, -2738, -2415, -2089, -1726, -1651, -1649, -1731, -1944, -2220, -2422, -2653, -2797, -2828, -2825, -2947, -2948, -2867, -2648, -2384, -2128, -1796, -1900, -2098, -2362, -2695, -2948, -3252, -3544, -3868, -4401, -4826, -5086, -5431, -5541, -5567, -5709, -5695, -5716, -5851, -5883, -5883, -5881, -5941, -5937, -5822, -5795, -5655, -5494, -5254, -4930, -4515, -4070, -3553, -2987, -2598, -2205, -1899, -1666, -1473, -1320, -1093, -688, -277, 524, 808, 1033, 1476, 1884, 2328, 2808, 3165, 3518, 3967, 4330, 5007, ;


Frequency: 131, Amplitude pozitiv: 2617, Amplitude negativ: 2682, .-<<||||   5007, 524, 808, 1033, 1476, 1884, 2328, 2808, 3165, 3518, 3967, 4330, 5007, 5422, 5734, 6111, 6380, 6556, 6623, 6457, 5908, 5122, 4008, 3098, 2489, 2260, 1813, 1199, 932, 906, 1507, 2132, 2691, 3013, 3119, 3078, 2891, 2511, 1844, 1061, 84, -778, -1336, -1695, -2023, -2246, -2328, -2100, -1635, -952, -291, 1080, 1781, 2489, 2989, 3463, 3668, 3814, 3758, 3765, 3705, 3316, 2718, 2156, 1717, 1391, 1264, 1178, 1047, 659, 497, 686, 919, 1259, 1423, 1594, 1673, 1512, 1333, 1053, 509, -124, -917, -1626, -2111, -2577, -2941, -3201, -3426, -3621, -3593, -3381, -2919, -2271, -1751, -1312, -1182, -1186, -1181, -1234, -1138, -1203, -1447, -1601, -1766, -1932, -1973, -1934, -1680, -1519, -1475, -1356, -1246, -1148, -1163, -1314, -1594, -1984, -2381, -2783, -3040, -3262, -3617, -3952, -4253, -4599, -4748, -4810, -4960, -5263, -5373, -5524, -5576, -5618, -5514, -5478, -5330, -5289, -5324, -5213, -5033, -4963, -4673, -4318, -4064, -3516, -3193, -2887, -2456, -1995, -1773, -1361, -1089, -733, -485, -166, 775, 932, 1042, 1374, 1578, 2021, 2452, 2845, 3210, 3509, 3912, 4381, ;


Frequency: 129, Amplitude pozitiv: 2784, Amplitude negativ: 2710, .-<<||||   4381, 775, 932, 1042, 1374, 1578, 2021, 2452, 2845, 3210, 3509, 3912, 4381, 4830, 5492, 5969, 6170, 6441, 6556, 6579, 6402, 6039, 5605, 4731, 3955, 3258, 2843, 2571, 2002, 1579, 1547, 1694, 2251, 2981, 3390, 3462, 3361, 3416, 3284, 2959, 2670, 1810, 815, -13, -553, -737, -967, -999, -1101, -1019, -497, 749, 1659, 2338, 2826, 3126, 3565, 3909, 4260, 4375, 4457, 4325, 3946, 3522, 2980, 2581, 2296, 2090, 1698, 1349, 1265, 1251, 1341, 1539, 1452, 1399, 1385, 1455, 1467, 1303, 1052, 638, 167, -486, -1055, -1680, -2165, -2497, -2874, -3155, -3341, -3459, -3315, -3067, -2668, -2257, -1900, -1687, -1759, -1660, -1599, -1588, -1582, -1573, -1622, -1753, -1707, -1624, -1593, -1622, -1745, -1780, -1797, -1891, -1682, -1658, -1995, -2258, -2551, -2960, -3273, -3465, -3618, -3840, -4126, -4300, -4744, -4953, -4971, -5001, -5087, -5076, -5078, -5171, -5152, -5295, -5187, -5221, -5259, -5143, -5092, -5098, -5061, -4883, -4637, -4164, -3710, -3302, -2735, -2365, -1939, -1500, -1274, -1124, -1018, -801, -590, -229, 373, 456, 660, 846, 1091, 1488, 1901, 2433, 2858, 3284, 3794, 4270, ;


Frequency: 129, Amplitude pozitiv: 2602, Amplitude negativ: 2732, .-<<||||   4270, 373, 456, 660, 846, 1091, 1488, 1901, 2433, 2858, 3284, 3794, 4270, 4497, 4889, 5390, 5479, 5826, 5928, 6015, 6181, 6255, 6166, 5824, 5326, 4508, 3893, 3404, 3066, 2557, 2177, 1822, 1879, 2201, 2785, 3339, 3633, 3791, 3877, 3766, 3594, 3219, 2558, 1784, 1003, 371, -157, -103, -195, -171, -49, 589, 1044, 1626, 2206, 2806, 3158, 3451, 3760, 3817, 3970, 4064, 4020, 3697, 3354, 2937, 2372, 2125, 1775, 1732, 1341, 980, 907, 690, 581, 545, 544, 349, 326, 385, 370, 345, 228, -180, -660, -1167, -1770, -2342, -2687, -2976, -3310, -3662, -3815, -3799, -3486, -3006, -2715, -2475, -2263, -1961, -1729, -1401, -1432, -1346, -1315, -1434, -1387, -1588, -1758, -1931, -2099, -2183, -2254, -2426, -2475, -2532, -2634, -2563, -2581, -2839, -3100, -3366, -3469, -3718, -3875, -3993, -4283, -4408, -4629, -4823, -5023, -5085, -5128, -5201, -5289, -5292, -5155, -5121, -5085, -4926, -4771, -4523, -4324, -4084, -3877, -3594, -3262, -2993, -2626, -2139, -1994, -1729, -1320, -1101, -952, -781, -531, -190, 277, 577, 734, 897, 1126, 1430, 1699, 2039, 2345, 2477, 2771, 3065, ;


Frequency: 127, Amplitude pozitiv: 2811, Amplitude negativ: 2912, .-<<||||   3065, 277, 577, 734, 897, 1126, 1430, 1699, 2039, 2345, 2477, 2771, 3065, 3232, 3539, 3806, 4300, 4604, 4837, 5162, 5412, 5624, 5847, 5945, 6038, 6138, 6015, 5630, 5000, 4369, 3861, 3472, 3256, 3047, 2849, 2961, 3101, 3584, 3860, 4230, 4290, 4194, 4227, 3999, 3719, 3366, 2799, 2125, 1554, 1247, 1143, 1103, 1092, 1010, 1159, 1538, 1785, 2050, 2515, 2815, 3324, 3622, 3873, 4030, 4020, 3971, 4065, 3911, 3568, 3184, 2716, 2318, 1982, 1696, 1293, 984, 615, 270, 65, -170, -106, -181, -358, -330, -224, -201, -341, -446, -679, -1204, -1764, -2292, -2854, -3353, -3600, -3787, -3897, -3947, -3740, -3433, -3207, -2720, -2322, -2014, -1935, -1843, -1674, -1733, -1772, -2041, -2380, -2557, -2802, -3076, -3241, -3288, -3485, -3469, -3350, -3423, -3429, -3453, -3545, -3702, -3956, -4122, -4183, -4304, -4593, -4718, -4797, -4891, -4971, -4947, -4976, -5074, -5182, -5156, -5057, -4951, -4917, -4957, -4830, -4726, -4425, -4039, -3710, -3472, -3311, -3288, -2962, -2674, -2560, -2271, -2018, -1681, -1394, -1044, -715, -449, -137, 306, 548, 934, 1144, 1187, 1344, 1306, 1457, 1729, 1945, 2142, 2387, ;


Frequency: 123, Amplitude pozitiv: 2894, Amplitude negativ: 3363, .-<<||||   2387, 306, 548, 934, 1144, 1187, 1344, 1306, 1457, 1729, 1945, 2142, 2387, 2703, 3184, 3564, 3839, 4160, 4435, 4770, 4941, 5129, 5347, 5430, 5544, 5485, 5649, 5941, 6018, 6154, 5975, 5736, 5286, 4899, 4679, 4422, 4154, 3761, 3630, 3588, 3755, 4010, 4087, 4207, 4222, 4235, 4278, 4211, 3824, 3411, 2841, 2386, 2159, 1967, 1839, 1755, 1745, 1697, 1745, 1859, 1936, 1948, 2248, 2383, 2589, 2679, 2635, 2664, 2756, 2798, 2750, 2396, 1826, 1572, 1210, 840, 480, 226, -386, -792, -962, -1211, -1294, -1291, -1332, -1232, -1203, -1089, -1009, -1252, -1446, -1682, -2021, -2470, -3004, -3296, -3421, -3752, -3943, -4116, -4095, -3913, -3801, -3650, -3637, -3508, -3455, -3530, -3480, -3431, -3545, -3708, -3654, -3689, -3675, -3870, -4119, -4250, -4211, -4335, -4530, -4611, -4849, -5166, -5235, -5215, -5231, -5264, -5266, -5350, -5294, -5177, -5121, -5007, -5086, -5151, -5299, -5188, -5148, -5197, -5175, -5254, -5203, -5039, -4938, -4713, -4454, -4148, -3947, -3734, -3461, -3166, -2952, -2814, -2574, -2466, -2123, -1931, -1660, -1584, -1372, -1101, -895, -609, -377, -150, 271, 639, 782, 997, 1210, 1431, 1502, 1620, 1914, 2067, 2219, 2442, ;


Frequency: 126, Amplitude pozitiv: 2969, Amplitude negativ: 3667, .-<<||||   2442, 271, 639, 782, 997, 1210, 1431, 1502, 1620, 1914, 2067, 2219, 2442, 2562, 3007, 3370, 3542, 3967, 4161, 4492, 4746, 5050, 5039, 5263, 5636, 5723, 6040, 6155, 6338, 6435, 6556, 6570, 6396, 6085, 5788, 5466, 5100, 4984, 4723, 4389, 4249, 4297, 4478, 4622, 4855, 4932, 5162, 5199, 4957, 4702, 4223, 3753, 3193, 2679, 2371, 1949, 1504, 1387, 1216, 1234, 1362, 1373, 1362, 1490, 1510, 1613, 1567, 1511, 1446, 1218, 1291, 1179, 1043, 656, 313, 61, -389, -710, -994, -1257, -1476, -1708, -1979, -1976, -2097, -2021, -1907, -1938, -1783, -1796, -1852, -1913, -2175, -2552, -2941, -3397, -3914, -4279, -4512, -4802, -4936, -5030, -4951, -4791, -4546, -4427, -4411, -4213, -4101, -4138, -4259, -4458, -4623, -4756, -4949, -5174, -5202, -5286, -5400, -5482, -5539, -5452, -5335, -5314, -5246, -5180, -5075, -4927, -4751, -4750, -4877, -5048, -5154, -5155, -5111, -5127, -5242, -5223, -5207, -5171, -5007, -4849, -4745, -4355, -4186, -3926, -3751, -3580, -3307, -3183, -3060, -2949, -2970, -2855, -2845, -2516, -2273, -2079, -1580, -1307, -792, -479, -74, 368, 606, 911, 911, 971, 1047, 1107, 1372, 1456, 1664, 1716, 2122, ;


Frequency: 121, Amplitude pozitiv: 3680, Amplitude negativ: 3419, .-<<||||   2122, 368, 606, 911, 911, 971, 1047, 1107, 1372, 1456, 1664, 1716, 2122, 2453, 2682, 2951, 3247, 3523, 3705, 4107, 4317, 4802, 5251, 5407, 5613, 5728, 5886, 5931, 6146, 6254, 6264, 6415, 6518, 6635, 6831, 7002, 7326, 7375, 7456, 7503, 7478, 7518, 7379, 7119, 6719, 6416, 6118, 5654, 5236, 4934, 4650, 4444, 4378, 4253, 4180, 3910, 3772, 3681, 3401, 3243, 2869, 2677, 2431, 2159, 2027, 1756, 1520, 1328, 1128, 941, 712, 625, 415, 204, 9, -150, -78, -146, -208, -230, -86, -185, -220, -478, -737, -1030, -1340, -1636, -1968, -2113, -2492, -2537, -2809, -2868, -2989, -3208, -3202, -3150, -3161, -3396, -3466, -3594, -3851, -4149, -4354, -4564, -4861, -5114, -5214, -5554, -5760, -5748, -5762, -5727, -5726, -5711, -5684, -5696, -5494, -5451, -5576, -5447, -5442, -5433, -5354, -5328, -5414, -5337, -5338, -5303, -5259, -5224, -5137, -5026, -4941, -4876, -4740, -4681, -4444, -4357, -4422, -4404, -4430, -4466, -4375, -4248, -4222, -4114, -4075, -3962, -3881, -3631, -3322, -3199, -2803, -2563, -2325, -2216, -1933, -1776, -1740, -1455, -1378, -1273, -1130, -1048, -896, -673, -321, -33, 783, 1130, 1554, 1862, 2163, 2443, 2831, 3157, 3401, 3766, 3998, 4140, ;


Frequency: 123, Amplitude pozitiv: 3730, Amplitude negativ: 4078, .-<<||||   4140, 783, 1130, 1554, 1862, 2163, 2443, 2831, 3157, 3401, 3766, 3998, 4140, 4378, 4517, 4609, 4861, 5082, 5175, 5309, 5434, 5551, 5797, 5772, 5791, 5965, 5820, 5624, 5404, 5127, 5104, 5201, 5247, 5062, 5245, 5757, 6165, 6720, 7109, 7512, 7560, 7587, 7600, 7156, 6641, 6172, 5574, 4964, 4424, 4345, 3977, 3602, 3391, 3397, 3498, 3416, 3418, 3376, 3282, 3170, 2932, 2622, 2521, 2176, 2189, 1944, 1774, 1619, 1425, 1353, 1082, 1041, 761, 607, 487, 457, 270, 158, 180, -42, -221, -476, -580, -785, -1010, -1286, -1923, -2564, -3072, -3470, -3766, -3974, -4013, -4050, -4118, -4099, -3956, -3778, -3694, -3775, -3913, -4213, -4636, -4893, -5295, -5721, -5899, -6236, -6475, -6491, -6480, -6377, -6340, -6278, -6170, -5901, -5732, -5780, -5691, -5727, -5783, -5827, -5975, -6048, -6006, -5988, -5996, -5941, -5929, -5833, -5662, -5543, -5444, -5334, -5092, -5062, -5100, -4969, -4892, -4769, -4774, -4833, -4812, -4687, -4743, -4707, -4593, -4691, -4554, -4360, -4166, -3809, -3414, -3092, -2712, -2272, -1979, -1834, -1526, -1372, -1413, -1267, -999, -851, -676, -471, -191, 566, 940, 1469, 1835, 2336, 2830, 3082, 3371, 3758, 4019, 4118, 4298, ;


Frequency: 122, Amplitude pozitiv: 3777, Amplitude negativ: 3901, .-<<||||   4298, 566, 940, 1469, 1835, 2336, 2830, 3082, 3371, 3758, 4019, 4118, 4298, 4342, 4386, 4472, 4627, 4900, 5175, 5424, 5245, 5165, 5090, 4986, 5035, 4875, 4797, 4925, 5065, 5166, 5309, 5533, 5732, 5973, 6198, 6261, 6382, 6461, 6626, 6680, 6527, 6468, 6311, 6324, 6090, 6034, 6032, 5950, 5739, 5348, 5270, 4954, 4825, 4667, 4421, 4268, 4238, 4170, 4090, 4036, 3998, 3819, 3539, 3438, 3278, 3067, 2770, 2543, 2359, 2105, 1856, 1742, 1572, 1459, 1266, 1235, 1191, 1194, 1087, 747, 617, 257, 52, -221, -595, -816, -959, -1276, -1704, -1837, -2018, -2122, -2168, -2204, -2173, -2497, -2665, -2845, -3017, -3273, -3460, -3624, -3846, -3945, -4104, -4281, -4458, -4698, -4709, -4635, -4773, -4899, -5035, -5133, -5213, -5444, -5680, -5677, -5591, -5640, -5614, -5596, -5698, -5890, -5982, -6137, -6106, -5893, -5984, -5957, -5956, -5899, -5842, -5720, -5546, -5407, -5368, -5355, -5411, -5515, -5486, -5458, -5383, -5232, -5141, -4964, -4850, -4673, -4646, -4421, -4259, -3956, -3640, -3429, -3118, -2809, -2630, -2512, -2305, -2004, -1799, -1609, -1348, -1163, -1124, -814, -485, -260, 238, 629, 1079, 1244, 1666, 2102, 2453, 2827, 3132, 3376, 3588, 3834, ;


Frequency: 119, Amplitude pozitiv: 3903, Amplitude negativ: 3687, .-<<||||   3834, 238, 629, 1079, 1244, 1666, 2102, 2453, 2827, 3132, 3376, 3588, 3834, 4087, 4216, 4234, 4323, 4481, 4610, 4629, 4918, 5005, 5206, 5433, 5642, 5891, 5910, 6103, 6305, 6435, 6435, 6509, 6607, 6697, 6561, 6718, 6835, 6745, 6761, 6796, 6744, 6678, 6768, 6589, 6550, 6420, 6345, 6394, 6246, 6205, 6090, 5979, 5855, 5717, 5821, 5625, 5348, 5295, 5111, 4745, 4656, 4573, 4356, 4453, 4117, 3819, 3760, 3562, 3449, 3223, 2953, 2713, 2643, 2511, 2415, 2137, 1860, 1780, 1672, 1584, 1307, 1218, 1187, 727, 541, 366, 202, 181, 0, -232, -383, -486, -742, -907, -1164, -1230, -1181, -1452, -1536, -1635, -1785, -2005, -2264, -2480, -2774, -2913, -3055, -3273, -3509, -3799, -4035, -4306, -4559, -4774, -4839, -4917, -5087, -5231, -5334, -5248, -5299, -5368, -5417, -5483, -5643, -5672, -5851, -5985, -6042, -6223, -6280, -6250, -6156, -6089, -6012, -6029, -6057, -6168, -5963, -5882, -5878, -5719, -5630, -5472, -5375, -5215, -5048, -4817, -4578, -4485, -4325, -4132, -3925, -3778, -3760, -3599, -3282, -3106, -3028, -2965, -2716, -2495, -2274, -2063, -1853, -1680, -1305, -850, -666, -475, -210, -5, 509, 579, 839, 1031, 1222, 1401, 1643, 1760, 1893, 2093, 2279, 2498, ;


Frequency: 118, Amplitude pozitiv: 3197, Amplitude negativ: 3398, .-<<||||   2498, 509, 579, 839, 1031, 1222, 1401, 1643, 1760, 1893, 2093, 2279, 2498, 2616, 2860, 2940, 3203, 3394, 3476, 3676, 3826, 3978, 4161, 4372, 4494, 4474, 4597, 4745, 4894, 4851, 4927, 4948, 5018, 5206, 5384, 5448, 5430, 5699, 5797, 5760, 5843, 5823, 5739, 5588, 5470, 5342, 5282, 5264, 5089, 4948, 5043, 4982, 4965, 4908, 4753, 4726, 4750, 4678, 4677, 4554, 4242, 4212, 4040, 3924, 3783, 3672, 3578, 3416, 3247, 3103, 2927, 2681, 2537, 2354, 2051, 1920, 1794, 1724, 1667, 1622, 1484, 1397, 1354, 1078, 865, 836, 464, 8, -334, -617, -672, -856, -1015, -1218, -1243, -1272, -1258, -1450, -1515, -1720, -1927, -2239, -2507, -2731, -3063, -3351, -3676, -3817, -3814, -3775, -3878, -4068, -4234, -4240, -4440, -4579, -4612, -4640, -4695, -4816, -5001, -5148, -5068, -4875, -4962, -5225, -5254, -5149, -5267, -5322, -5393, -5333, -5333, -5368, -5296, -5184, -5050, -4962, -4889, -4874, -4722, -4706, -4385, -4383, -4437, -4383, -4397, -4344, -4418, -4285, -4156, -3954, -3891, -3846, -3731, -3481, -3361, -3202, -3044, -3027, -2736, -2626, -2544, -2362, -2298, -1910, -1739, -1450, -1116, -756, -611, -411, -206, -131, 243, 471, 598, 562, 572, 774, 979, 1163, 1153, 1307, 1524, 1623, ;


Frequency: 119, Amplitude pozitiv: 2544, Amplitude negativ: 2654, .-<<||||   1623, 243, 471, 598, 562, 572, 774, 979, 1163, 1153, 1307, 1524, 1623, 1861, 2131, 2309, 2425, 2697, 2795, 3023, 3177, 3196, 3291, 3480, 3548, 3526, 3502, 3580, 3616, 3682, 3667, 3707, 3870, 3792, 3808, 3868, 4108, 4230, 4366, 4326, 4303, 4502, 4319, 4406, 4454, 4369, 4287, 4121, 4154, 3999, 3979, 3878, 3715, 3539, 3576, 3527, 3495, 3594, 3455, 3414, 3549, 3472, 3449, 3366, 3342, 3234, 3145, 3054, 2944, 2846, 2573, 2623, 2493, 2332, 2275, 2149, 2061, 1916, 1675, 1642, 1517, 1517, 1361, 1197, 1140, 941, 772, 619, 480, 132, 3, -196, -431, -572, -612, -842, -1082, -1283, -1242, -1140, -1303, -1483, -1798, -1809, -1859, -2008, -2129, -2317, -2548, -2642, -2736, -3031, -3094, -3164, -3313, -3476, -3611, -3407, -3443, -3492, -3566, -3817, -3966, -3894, -3903, -4001, -4072, -4036, -4158, -4234, -4108, -4001, -4145, -4193, -4226, -4259, -4113, -4105, -4163, -4093, -4071, -4159, -4024, -3859, -3806, -3666, -3592, -3534, -3274, -3080, -3034, -2963, -2752, -2700, -2657, -2508, -2322, -2109, -2006, -2055, -1861, -1766, -1621, -1587, -1485, -1321, -1228, -1129, -919, -647, -486, -259, -52, 414, 647, 884, 1035, 1197, 1366, 1413, 1469, 1521, 1634, 1675, 1703, ;


Frequency: 120, Amplitude pozitiv: 2149, Amplitude negativ: 2121, .-<<||||   1703, 414, 647, 884, 1035, 1197, 1366, 1413, 1469, 1521, 1634, 1675, 1703, 1752, 1789, 1874, 1937, 2100, 2227, 2347, 2510, 2529, 2429, 2642, 2604, 2635, 2717, 2801, 2744, 2766, 2843, 2968, 3046, 3127, 3246, 3118, 3198, 3235, 3311, 3209, 3216, 3283, 3212, 3422, 3410, 3442, 3417, 3412, 3493, 3561, 3560, 3495, 3509, 3455, 3370, 3408, 3401, 3461, 3230, 3203, 3279, 3078, 2949, 2863, 2888, 2578, 2570, 2471, 2314, 2254, 2110, 2189, 2251, 2204, 1977, 1771, 1715, 1563, 1420, 1201, 919, 800, 623, 494, 390, 262, 99, -146, -269, -320, -510, -554, -587, -722, -886, -1064, -1012, -1056, -1291, -1396, -1375, -1670, -1825, -1917, -1909, -2081, -2229, -2376, -2581, -2544, -2542, -2575, -2630, -2622, -2704, -2762, -2759, -2794, -2851, -2875, -2969, -3177, -3372, -3398, -3416, -3435, -3450, -3456, -3467, -3423, -3303, -3287, -3059, -3099, -3155, -3254, -3322, -3303, -3225, -3107, -3056, -3004, -3102, -2947, -2891, -2854, -2827, -2654, -2563, -2616, -2510, -2371, -2236, -2063, -1895, -1858, -1518, -1496, -1457, -1261, -1185, -1079, -1006, -1029, -879, -731, -684, -584, -356, -222, -122, 94, 188, 383, 420, 436, 499, 601, 651, 720, 794, 1163, 1324, ;


Frequency: 120, Amplitude pozitiv: 1784, Amplitude negativ: 1583, .-<<||||   1324, 94, 188, 383, 420, 436, 499, 601, 651, 720, 794, 1163, 1324, 1320, 1350, 1465, 1518, 1574, 1776, 1689, 1688, 1655, 1699, 1755, 1737, 1765, 1906, 2037, 2213, 2228, 2426, 2606, 2630, 2736, 2730, 2739, 2845, 2926, 3133, 3134, 3013, 3198, 3165, 3178, 3243, 3268, 3224, 3196, 3204, 3144, 3261, 3044, 3029, 3017, 3044, 3011, 3051, 3001, 2922, 2937, 2884, 2815, 2587, 2613, 2506, 2293, 2327, 2218, 2221, 2191, 2105, 2012, 1914, 1842, 1807, 1736, 1647, 1635, 1415, 1340, 1254, 1134, 1064, 755, 513, 553, 362, 300, 306, 127, -10, -46, -121, -278, -327, -443, -598, -768, -716, -747, -877, -963, -1026, -1170, -1259, -1425, -1585, -1681, -1786, -1900, -1953, -2160, -2213, -2247, -2292, -2275, -2432, -2603, -2613, -2536, -2504, -2594, -2641, -2576, -2581, -2598, -2614, -2773, -2732, -2629, -2495, -2439, -2549, -2599, -2626, -2536, -2569, -2498, -2263, -2190, -2115, -2001, -2001, -1836, -1792, -1690, -1741, -1741, -1539, -1564, -1585, -1494, -1460, -1310, -1236, -1109, -1115, -906, -897, -942, -830, -702, -695, -776, -718, -660, -518, -666, -343, -158, -62, 104, 230, 224, 372, 340, 308, 298, 466, 705, 720, 889, 831, ;


Frequency: 119, Amplitude pozitiv: 1481, Amplitude negativ: 1466, .-<<||||   831, 104, 230, 224, 372, 340, 308, 298, 466, 705, 720, 889, 831, 972, 1100, 1262, 1376, 1527, 1558, 1628, 1626, 1655, 1624, 1660, 1809, 1873, 1990, 2150, 2302, 2323, 2282, 2260, 2461, 2468, 2496, 2387, 2433, 2469, 2528, 2603, 2668, 2636, 2599, 2715, 2843, 2854, 2720, 2648, 2534, 2483, 2399, 2237, 2312, 2271, 2230, 2241, 2241, 2329, 2302, 2298, 2296, 2250, 2186, 2051, 1907, 1858, 1811, 1805, 1690, 1734, 1696, 1586, 1626, 1418, 1397, 1275, 1370, 1353, 1267, 1355, 1221, 1097, 1035, 1026, 966, 801, 707, 620, 496, 343, 239, 107, 82, 132, 5, -114, -214, -332, -461, -430, -561, -692, -775, -856, -954, -1111, -1192, -1413, -1570, -1479, -1538, -1703, -1773, -1805, -1992, -2063, -2089, -2104, -2142, -2251, -2242, -2284, -2228, -2259, -2324, -2305, -2313, -2237, -2240, -2246, -2193, -2234, -2154, -2244, -2047, -2076, -2094, -1888, -1929, -1794, -1761, -1755, -1669, -1629, -1596, -1643, -1733, -1661, -1715, -1674, -1553, -1542, -1563, -1520, -1549, -1514, -1317, -1211, -1163, -1041, -1029, -963, -913, -796, -810, -656, -504, -396, -275, -367, -301, -161, 117, 254, 276, 378, 458, 577, 705, 814, 810, 814, 890, 898, ;


Frequency: 119, Amplitude pozitiv: 1337, Amplitude negativ: 1099, .-<<||||   898, 117, 254, 276, 378, 458, 577, 705, 814, 810, 814, 890, 898, 948, 1150, 1257, 1093, 1291, 1253, 1294, 1267, 1328, 1447, 1392, 1588, 1542, 1538, 1687, 1767, 1927, 1925, 2073, 1974, 2025, 2068, 2018, 2022, 2003, 2118, 2022, 2032, 2052, 2077, 2054, 2099, 2035, 1992, 2056, 2106, 2200, 2161, 2044, 2023, 2007, 2050, 1940, 1937, 1941, 1820, 1855, 1718, 1761, 1831, 1810, 1771, 1658, 1579, 1606, 1592, 1493, 1563, 1563, 1493, 1382, 1325, 1366, 1243, 1192, 1207, 1010, 1008, 927, 812, 705, 491, 359, 232, 135, -11, -190, -150, -83, -361, -356, -418, -512, -581, -814, -717, -800, -932, -1048, -1219, -1256, -1282, -1391, -1299, -1302, -1275, -1353, -1379, -1312, -1434, -1567, -1544, -1517, -1542, -1586, -1608, -1519, -1497, -1386, -1417, -1395, -1412, -1465, -1533, -1535, -1535, -1497, -1440, -1652, -1522, -1543, -1524, -1389, -1376, -1344, -1578, -1517, -1449, -1438, -1517, -1453, -1414, -1317, -1238, -1337, -1252, -1174, -1206, -1161, -1134, -1209, -1084, -1053, -963, -1004, -964, -881, -832, -785, -781, -679, -680, -650, -561, -365, -379, -267, -188, -63, 127, 219, 212, 340, 470, 572, 587, 703, 673, 833, 888, 886, ;


Frequency: 119, Amplitude pozitiv: 1135, Amplitude negativ: 1019, .-<<||||   886, 127, 219, 212, 340, 470, 572, 587, 703, 673, 833, 888, 886, 1026, 1018, 1073, 1215, 1364, 1391, 1346, 1386, 1398, 1421, 1604, 1644, 1618, 1733, 1711, 1647, 1774, 1713, 1801, 1818, 1864, 1762, 1733, 1776, 1733, 1761, 1707, 1712, 1818, 1778, 1748, 1808, 1831, 1749, 1670, 1831, 1898, 1843, 1765, 1589, 1552, 1647, 1556, 1510, 1589, 1451, 1503, 1368, 1297, 1433, 1389, 1303, 1174, 1127, 970, 1020, 1010, 838, 1010, 976, 979, 950, 742, 667, 743, 700, 494, 408, 253, 36, 94, -29, -251, -304, -459, -341, -465, -610, -628, -637, -544, -629, -634, -716, -859, -852, -919, -883, -914, -1068, -1199, -1290, -1326, -1261, -1301, -1386, -1296, -1335, -1334, -1264, -1290, -1348, -1245, -1303, -1282, -1330, -1518, -1460, -1473, -1555, -1663, -1722, -1725, -1620, -1670, -1646, -1690, -1664, -1570, -1556, -1392, -1417, -1413, -1466, -1501, -1442, -1460, -1460, -1546, -1333, -1275, -1281, -1337, -1295, -1214, -1130, -1022, -1036, -1128, -938, -895, -807, -792, -754, -499, -598, -614, -574, -539, -639, -508, -543, -573, -383, -306, -185, -161, -81, -80, -55, 244, 246, 189, 354, 406, 349, 446, 492, 475, 408, 589, 589, ;


Frequency: 116, Amplitude pozitiv: 782, Amplitude negativ: 950, .-<<||||   589, 244, 246, 189, 354, 406, 349, 446, 492, 475, 408, 589, 589, 603, 715, 641, 659, 650, 672, 835, 1046, 948, 1034, 1118, 1163, 1114, 1084, 1168, 1259, 1138, 1149, 1446, 1264, 1399, 1419, 1431, 1353, 1421, 1366, 1342, 1373, 1304, 1316, 1432, 1370, 1372, 1469, 1311, 1385, 1260, 1263, 1179, 1231, 1275, 1168, 1197, 1077, 1091, 1073, 1075, 956, 849, 718, 588, 631, 539, 467, 424, 473, 428, 363, 268, 232, 239, 181, 134, 33, -43, -110, -90, -58, -262, -360, -248, -262, -129, -179, -237, -278, -366, -494, -545, -499, -704, -824, -665, -726, -774, -806, -976, -935, -1040, -1022, -1015, -995, -1110, -1100, -1153, -1426, -1338, -1403, -1553, -1467, -1533, -1602, -1630, -1640, -1549, -1498, -1581, -1598, -1442, -1435, -1543, -1508, -1489, -1549, -1536, -1493, -1454, -1433, -1512, -1404, -1396, -1360, -1349, -1316, -1350, -1434, -1329, -1440, -1386, -1271, -1304, -1329, -1234, -1167, -1203, -1107, -1109, -1033, -836, -878, -872, -957, -945, -964, -940, -834, -955, -936, -833, -743, -762, -746, -652, -576, -551, -431, -342, -387, -365, -272, -143, -144, -186, 85, -26, 113, 133, 216, 234, 197, 167, 267, 206, 243, 289, 258, 447, ;


Frequency: 132, Amplitude pozitiv: 585, Amplitude negativ: 699, .-<<||||   447, 113, 133, 216, 234, 197, 167, 267, 206, 243, 289, 258, 447, 433, 451, 550, 679, 766, 864, 877, 833, 813, 819, 991, 914, 958, 1018, 1043, 1005, 1077, 1129, 1129, 1087, 1060, 1035, 952, 936, 924, 921, 845, 967, 945, 808, 913, 815, 802, 965, 850, 913, 910, 876, 835, 885, 770, 655, 695, 757, 677, 544, 622, 588, 648, 587, 391, 361, 327, 419, 289, 95, 105, 84, 94, 14, -8, -87, -14, -105, -164, -331, -314, -300, -427, -513, -518, -528, -574, -577, -726, -728, -713, -710, -886, -886, -847, -872, -857, -971, -1025, -1109, -1105, -1049, -935, -1036, -1093, -1153, -1108, -1022, -1161, -1050, -1059, -1051, -1089, -1210, -1094, -1171, -1265, -1106, -998, -979, -967, -1036, -936, -1003, -973, -994, -988, -986, -913, -773, -791, -794, -718, -553, -547, -532, -452, -437, -526, -470, -372, -398, -473, -500, -499, -406, -525, -446, -373, -400, -324, -322, -120, -137, -89, -37, 115, 139, 61, 48, 208, 258, 247, 263, 267, 252, 184, 221, ;


Frequency: 115, Amplitude pozitiv: 801, Amplitude negativ: 510, .-<<||||   221, 115, 139, 61, 48, 208, 258, 247, 263, 267, 252, 184, 221, 347, 332, 341, 410, 443, 470, 551, 592, 677, 673, 846, 995, 1177, 1111, 1086, 1241, 1233, 1289, 1125, 1105, 1243, 1210, 1228, 1273, 1327, 1410, 1477, 1400, 1416, 1576, 1551, 1564, 1578, 1479, 1563, 1552, 1429, 1430, 1341, 1452, 1412, 1364, 1422, 1353, 1353, 1401, 1307, 1317, 1358, 1355, 1268, 1205, 1261, 1133, 1076, 1055, 990, 955, 984, 876, 879, 975, 770, 831, 684, 620, 683, 674, 508, 510, 433, 380, 345, 222, 276, 131, 125, 68, -70, -97, -89, -95, -274, -412, -367, -387, -387, -370, -449, -526, -561, -544, -502, -521, -639, -634, -608, -721, -797, -848, -810, -824, -867, -789, -807, -805, -853, -860, -898, -791, -813, -798, -852, -924, -862, -864, -745, -776, -697, -656, -677, -611, -656, -582, -552, -566, -619, -741, -584, -592, -555, -633, -646, -641, -617, -548, -622, -553, -684, -647, -653, -547, -462, -425, -459, -473, -413, -327, -296, -374, -258, -283, -103, -60, -48, -107, -280, -282, -157, -53, -71, -5, -53, -53, -165, -2, 6, 107, 68, 189, 186, 101, 104, 61, 251, 282, 251, 369, ;


Frequency: 122, Amplitude pozitiv: 645, Amplitude negativ: 841, .-<<||||   369, 6, 107, 68, 189, 186, 101, 104, 61, 251, 282, 251, 369, 244, 289, 296, 369, 462, 603, 620, 684, 851, 882, 931, 1002, 999, 943, 1011, 995, 1050, 1041, 1079, 1031, 1015, 1124, 1180, 1082, 1061, 1156, 1100, 1184, 1111, 1084, 1029, 883, 864, 873, 959, 1045, 1012, 1061, 974, 1046, 1048, 922, 982, 918, 909, 721, 849, 764, 716, 757, 637, 509, 521, 519, 368, 438, 435, 211, 169, 181, 184, 91, -35, -73, -155, -263, -393, -373, -374, -531, -684, -696, -701, -653, -602, -735, -831, -683, -612, -750, -737, -795, -960, -934, -969, -1068, -979, -1053, -1101, -1035, -1179, -1147, -1145, -1216, -1219, -1251, -1115, -1202, -1255, -1257, -1253, -1206, -1397, -1291, -1212, -1179, -1136, -1282, -1265, -1280, -1299, -1266, -1121, -1159, -1186, -1089, -1053, -1090, -1135, -1006, -1052, -1118, -1037, -932, -892, -871, -1052, -892, -931, -931, -846, -958, -910, -847, -666, -763, -672, -805, -776, -594, -625, -744, -594, -365, -561, -533, -395, -475, -372, -309, -255, -206, -340, -191, -39, 52, 106, 244, 308, 343, 376, 559, 487, 440, 589, 628, 601, ;


Frequency: 129, Amplitude pozitiv: 581, Amplitude negativ: 404, .-<<||||   601, 52, 106, 244, 308, 343, 376, 559, 487, 440, 589, 628, 601, 601, 743, 783, 840, 844, 818, 920, 980, 871, 967, 1073, 1067, 1066, 1123, 1197, 1188, 1179, 1080, 1088, 1116, 1134, 1020, 1005, 970, 904, 1014, 908, 899, 909, 822, 949, 924, 932, 811, 654, 582, 656, 665, 580, 652, 782, 758, 656, 619, 475, 474, 572, 482, 480, 528, 376, 374, 410, 379, 362, 394, 376, 392, 357, 324, 366, 233, 262, 207, 152, 123, 16, 116, 21, 18, 54, -23, -72, -148, -75, -78, -282, -91, -153, -242, -343, -308, -331, -385, -332, -438, -391, -485, -540, -538, -407, -328, -282, -429, -575, -488, -466, -364, -469, -448, -556, -567, -564, -628, -491, -598, -575, -568, -566, -620, -527, -492, -572, -419, -437, -470, -495, -519, -480, -539, -644, -618, -565, -570, -665, -534, -516, -576, -544, -535, -446, -327, -407, -441, -281, -311, -306, -280, -187, -236, -239, -112, -191, -168, -18, 72, 77, 38, 145, 176, 198, 144, 279, 399, 308, 461, 524, ;


Frequency: 115, Amplitude pozitiv: 692, Amplitude negativ: 528, .-<<||||   524, 72, 77, 38, 145, 176, 198, 144, 279, 399, 308, 461, 524, 527, 513, 560, 636, 588, 683, 755, 777, 797, 829, 901, 953, 1020, 1115, 1127, 1186, 1154, 1158, 1311, 1272, 1285, 1352, 1313, 1380, 1381, 1262, 1420, 1249, 1223, 1325, 1240, 1262, 1345, 1259, 1168, 1137, 1100, 1121, 1018, 1110, 1151, 1176, 1101, 1013, 908, 959, 873, 799, 934, 924, 942, 812, 814, 727, 688, 614, 688, 756, 530, 483, 417, 374, 461, 395, 266, 343, 283, 276, 206, 169, 329, 267, 182, 200, 195, 206, 115, 43, -28, -71, -41, -11, -19, -48, -128, -107, -89, -199, -188, -229, -348, -388, -264, -284, -250, -399, -428, -357, -442, -446, -526, -487, -552, -556, -662, -727, -748, -644, -725, -746, -794, -783, -671, -733, -732, -729, -713, -644, -602, -664, -593, -701, -734, -671, -674, -658, -745, -777, -789, -802, -765, -776, -769, -772, -806, -899, -828, -784, -773, -812, -788, -874, -812, -836, -740, -763, -723, -692, -761, -686, -616, -547, -582, -374, -404, -491, -452, -500, -556, -273, -158, -176, -183, -120, -6, -28, 85, 260, 281, 284, 311, 371, 345, 264, 329, 402, 313, 293, ;


Frequency: 119, Amplitude pozitiv: 437, Amplitude negativ: 623, .-<<||||   293, 85, 260, 281, 284, 311, 371, 345, 264, 329, 402, 313, 293, 435, 521, 491, 366, 416, 589, 568, 550, 628, 628, 620, 726, 718, 638, 806, 685, 778, 851, 810, 783, 745, 771, 651, 699, 691, 538, 508, 582, 566, 524, 541, 512, 410, 358, 447, 512, 357, 273, 243, 351, 389, 359, 318, 123, 117, 79, 12, 18, 36, -79, -118, -149, -116, -140, -81, -115, -250, -79, -234, -261, -299, -349, -296, -327, -338, -395, -277, -332, -282, -449, -460, -487, -596, -565, -482, -413, -454, -506, -448, -388, -515, -489, -565, -581, -604, -632, -633, -581, -510, -575, -567, -641, -518, -507, -652, -557, -586, -631, -665, -721, -896, -841, -897, -759, -857, -913, -882, -748, -680, -771, -751, -843, -779, -965, -1031, -1044, -1100, -1145, -1154, -1193, -1111, -1108, -1143, -1124, -1193, -1120, -1074, -1072, -981, -971, -1029, -1048, -1042, -922, -928, -811, -888, -827, -789, -885, -835, -763, -745, -750, -732, -697, -481, -396, -341, -508, -482, -311, -322, -363, -254, -291, -287, -158, -23, 45, 154, 190, 232, 262, 333, 393, 439, 480, 505, 599, 545, ;


Frequency: 126, Amplitude pozitiv: 440, Amplitude negativ: 296, .-<<||||   545, 45, 154, 190, 232, 262, 333, 393, 439, 480, 505, 599, 545, 505, 557, 604, 617, 624, 732, 726, 765, 900, 879, 856, 769, 941, 779, 843, 920, 686, 660, 696, 732, 690, 824, 753, 706, 689, 606, 711, 721, 549, 575, 538, 511, 509, 355, 374, 457, 398, 431, 376, 384, 271, 349, 284, 129, 94, 87, 213, 103, 105, 103, 35, 22, 59, -60, -27, 60, 137, -32, 93, 13, -18, -121, -86, -130, -154, -176, -136, -135, -92, -118, 146, -85, -66, 47, 46, 40, -69, -108, -48, -186, -92, -66, -148, -85, -167, -230, -300, -135, -88, -127, -220, -220, -150, -141, -260, -237, -246, -338, -289, -246, -293, -331, -360, -383, -425, -420, -485, -417, -372, -439, -335, -391, -470, -419, -277, -391, -338, -504, -554, -464, -456, -499, -489, -546, -640, -524, -513, -518, -593, -506, -411, -541, -479, -499, -508, -473, -591, -624, -496, -487, -396, -348, -384, -370, -191, -92, -59, -81, -65, 159, 177, 259, 357, 324, 346, 463, 484, 465, 548, 602, 615, ;


Frequency: 123, Amplitude pozitiv: 435, Amplitude negativ: 278, .-<<||||   615, 159, 177, 259, 357, 324, 346, 463, 484, 465, 548, 602, 615, 585, 491, 583, 595, 749, 722, 696, 727, 747, 824, 771, 789, 785, 724, 828, 748, 789, 780, 722, 846, 810, 876, 908, 847, 841, 854, 890, 930, 1031, 1030, 972, 880, 891, 857, 679, 730, 748, 650, 623, 572, 510, 589, 532, 528, 587, 497, 482, 464, 441, 319, 291, 380, 338, 212, 181, 275, 232, 186, 260, 208, 190, 213, 189, 180, 234, 332, 286, 313, 339, 277, 294, 247, 242, 354, 298, 296, 337, 334, 253, 269, 277, 268, 243, 269, 118, 141, 201, 74, 159, 137, 176, 117, 91, 89, 157, 41, 11, 86, -56, -157, -229, -305, -329, -270, -347, -241, -273, -307, -206, -334, -427, -393, -266, -310, -453, -462, -434, -531, -463, -425, -590, -488, -356, -410, -474, -488, -435, -378, -416, -425, -410, -338, -297, -207, -221, -295, -325, -159, -238, -92, -17, -102, -92, -195, -174, -125, -100, -162, -70, -123, -65, -79, 0, -53, 85, 88, 29, 15, 23, 151, 185, 204, 281, 71, 103, 195, ;

